3971
1 0.5 0.5 0.5
2 0.5 0.5 1
3 0.5 0.5 1.5
4 0.5 0.5 2
5 0.5 0.5 2.5
6 0.5 0.5 3
7 0.5 0.5 3.5
8 0.5 0.5 4
9 0.5 0.5 4.5
10 0.5 0.5 5
11 0.5 0.5 5.5
12 1 0.5 0.5
13 1 0.5 1
14 1 0.5 1.5
15 1 0.5 2
16 1 0.5 2.5
17 1 0.5 3
18 1 0.5 3.5
19 1 0.5 4
20 1 0.5 4.5
21 1 0.5 5
22 1 0.5 5.5
23 1.5 0.5 0.5
24 1.5 0.5 1
25 1.5 0.5 1.5
26 1.5 0.5 2
27 1.5 0.5 2.5
28 1.5 0.5 3
29 1.5 0.5 3.5
30 1.5 0.5 4
31 1.5 0.5 4.5
32 1.5 0.5 5
33 1.5 0.5 5.5
34 2 0.5 0.5
35 2 0.5 1
36 2 0.5 1.5
37 2 0.5 2
38 2 0.5 2.5
39 2 0.5 3
40 2 0.5 3.5
41 2 0.5 4
42 2 0.5 4.5
43 2 0.5 5
44 2 0.5 5.5
45 2.5 0.5 0.5
46 2.5 0.5 1
47 2.5 0.5 1.5
48 2.5 0.5 2
49 2.5 0.5 2.5
50 2.5 0.5 3
51 2.5 0.5 3.5
52 2.5 0.5 4
53 2.5 0.5 4.5
54 2.5 0.5 5
55 2.5 0.5 5.5
56 3 0.5 0.5
57 3 0.5 1
58 3 0.5 1.5
59 3 0.5 2
60 3 0.5 2.5
61 3 0.5 3
62 3 0.5 3.5
63 3 0.5 4
64 3 0.5 4.5
65 3 0.5 5
66 3 0.5 5.5
67 3.5 0.5 0.5
68 3.5 0.5 1
69 3.5 0.5 1.5
70 3.5 0.5 2
71 3.5 0.5 2.5
72 3.5 0.5 3
73 3.5 0.5 3.5
74 3.5 0.5 4
75 3.5 0.5 4.5
76 3.5 0.5 5
77 3.5 0.5 5.5
78 4 0.5 0.5
79 4 0.5 1
80 4 0.5 1.5
81 4 0.5 2
82 4 0.5 2.5
83 4 0.5 3
84 4 0.5 3.5
85 4 0.5 4
86 4 0.5 4.5
87 4 0.5 5
88 4 0.5 5.5
89 4.5 0.5 0.5
90 4.5 0.5 1
91 4.5 0.5 1.5
92 4.5 0.5 2
93 4.5 0.5 2.5
94 4.5 0.5 3
95 4.5 0.5 3.5
96 4.5 0.5 4
97 4.5 0.5 4.5
98 4.5 0.5 5
99 4.5 0.5 5.5
100 5 0.5 0.5
101 5 0.5 1
102 5 0.5 1.5
103 5 0.5 2
104 5 0.5 2.5
105 5 0.5 3
106 5 0.5 3.5
107 5 0.5 4
108 5 0.5 4.5
109 5 0.5 5
110 5 0.5 5.5
111 5.5 0.5 0.5
112 5.5 0.5 1
113 5.5 0.5 1.5
114 5.5 0.5 2
115 5.5 0.5 2.5
116 5.5 0.5 3
117 5.5 0.5 3.5
118 5.5 0.5 4
119 5.5 0.5 4.5
120 5.5 0.5 5
121 5.5 0.5 5.5
122 6 0.5 0.5
123 6 0.5 1
124 6 0.5 1.5
125 6 0.5 2
126 6 0.5 2.5
127 6 0.5 3
128 6 0.5 3.5
129 6 0.5 4
130 6 0.5 4.5
131 6 0.5 5
132 6 0.5 5.5
133 6.5 0.5 0.5
134 6.5 0.5 1
135 6.5 0.5 1.5
136 6.5 0.5 2
137 6.5 0.5 2.5
138 6.5 0.5 3
139 6.5 0.5 3.5
140 6.5 0.5 4
141 6.5 0.5 4.5
142 6.5 0.5 5
143 6.5 0.5 5.5
144 7 0.5 0.5
145 7 0.5 1
146 7 0.5 1.5
147 7 0.5 2
148 7 0.5 2.5
149 7 0.5 3
150 7 0.5 3.5
151 7 0.5 4
152 7 0.5 4.5
153 7 0.5 5
154 7 0.5 5.5
155 7.5 0.5 0.5
156 7.5 0.5 1
157 7.5 0.5 1.5
158 7.5 0.5 2
159 7.5 0.5 2.5
160 7.5 0.5 3
161 7.5 0.5 3.5
162 7.5 0.5 4
163 7.5 0.5 4.5
164 7.5 0.5 5
165 7.5 0.5 5.5
166 8 0.5 0.5
167 8 0.5 1
168 8 0.5 1.5
169 8 0.5 2
170 8 0.5 2.5
171 8 0.5 3
172 8 0.5 3.5
173 8 0.5 4
174 8 0.5 4.5
175 8 0.5 5
176 8 0.5 5.5
177 8.5 0.5 0.5
178 8.5 0.5 1
179 8.5 0.5 1.5
180 8.5 0.5 2
181 8.5 0.5 2.5
182 8.5 0.5 3
183 8.5 0.5 3.5
184 8.5 0.5 4
185 8.5 0.5 4.5
186 8.5 0.5 5
187 8.5 0.5 5.5
188 9 0.5 0.5
189 9 0.5 1
190 9 0.5 1.5
191 9 0.5 2
192 9 0.5 2.5
193 9 0.5 3
194 9 0.5 3.5
195 9 0.5 4
196 9 0.5 4.5
197 9 0.5 5
198 9 0.5 5.5
199 9.5 0.5 0.5
200 9.5 0.5 1
201 9.5 0.5 1.5
202 9.5 0.5 2
203 9.5 0.5 2.5
204 9.5 0.5 3
205 9.5 0.5 3.5
206 9.5 0.5 4
207 9.5 0.5 4.5
208 9.5 0.5 5
209 9.5 0.5 5.5
210 0.5 1 0.5
211 0.5 1 1
212 0.5 1 1.5
213 0.5 1 2
214 0.5 1 2.5
215 0.5 1 3
216 0.5 1 3.5
217 0.5 1 4
218 0.5 1 4.5
219 0.5 1 5
220 0.5 1 5.5
221 1 1 0.5
222 1 1 1
223 1 1 1.5
224 1 1 2
225 1 1 2.5
226 1 1 3
227 1 1 3.5
228 1 1 4
229 1 1 4.5
230 1 1 5
231 1 1 5.5
232 1.5 1 0.5
233 1.5 1 1
234 1.5 1 1.5
235 1.5 1 2
236 1.5 1 2.5
237 1.5 1 3
238 1.5 1 3.5
239 1.5 1 4
240 1.5 1 4.5
241 1.5 1 5
242 1.5 1 5.5
243 2 1 0.5
244 2 1 1
245 2 1 1.5
246 2 1 2
247 2 1 2.5
248 2 1 3
249 2 1 3.5
250 2 1 4
251 2 1 4.5
252 2 1 5
253 2 1 5.5
254 2.5 1 0.5
255 2.5 1 1
256 2.5 1 1.5
257 2.5 1 2
258 2.5 1 2.5
259 2.5 1 3
260 2.5 1 3.5
261 2.5 1 4
262 2.5 1 4.5
263 2.5 1 5
264 2.5 1 5.5
265 3 1 0.5
266 3 1 1
267 3 1 1.5
268 3 1 2
269 3 1 2.5
270 3 1 3
271 3 1 3.5
272 3 1 4
273 3 1 4.5
274 3 1 5
275 3 1 5.5
276 3.5 1 0.5
277 3.5 1 1
278 3.5 1 1.5
279 3.5 1 2
280 3.5 1 2.5
281 3.5 1 3
282 3.5 1 3.5
283 3.5 1 4
284 3.5 1 4.5
285 3.5 1 5
286 3.5 1 5.5
287 4 1 0.5
288 4 1 1
289 4 1 1.5
290 4 1 2
291 4 1 2.5
292 4 1 3
293 4 1 3.5
294 4 1 4
295 4 1 4.5
296 4 1 5
297 4 1 5.5
298 4.5 1 0.5
299 4.5 1 1
300 4.5 1 1.5
301 4.5 1 2
302 4.5 1 2.5
303 4.5 1 3
304 4.5 1 3.5
305 4.5 1 4
306 4.5 1 4.5
307 4.5 1 5
308 4.5 1 5.5
309 5 1 0.5
310 5 1 1
311 5 1 1.5
312 5 1 2
313 5 1 2.5
314 5 1 3
315 5 1 3.5
316 5 1 4
317 5 1 4.5
318 5 1 5
319 5 1 5.5
320 5.5 1 0.5
321 5.5 1 1
322 5.5 1 1.5
323 5.5 1 2
324 5.5 1 2.5
325 5.5 1 3
326 5.5 1 3.5
327 5.5 1 4
328 5.5 1 4.5
329 5.5 1 5
330 5.5 1 5.5
331 6 1 0.5
332 6 1 1
333 6 1 1.5
334 6 1 2
335 6 1 2.5
336 6 1 3
337 6 1 3.5
338 6 1 4
339 6 1 4.5
340 6 1 5
341 6 1 5.5
342 6.5 1 0.5
343 6.5 1 1
344 6.5 1 1.5
345 6.5 1 2
346 6.5 1 2.5
347 6.5 1 3
348 6.5 1 3.5
349 6.5 1 4
350 6.5 1 4.5
351 6.5 1 5
352 6.5 1 5.5
353 7 1 0.5
354 7 1 1
355 7 1 1.5
356 7 1 2
357 7 1 2.5
358 7 1 3
359 7 1 3.5
360 7 1 4
361 7 1 4.5
362 7 1 5
363 7 1 5.5
364 7.5 1 0.5
365 7.5 1 1
366 7.5 1 1.5
367 7.5 1 2
368 7.5 1 2.5
369 7.5 1 3
370 7.5 1 3.5
371 7.5 1 4
372 7.5 1 4.5
373 7.5 1 5
374 7.5 1 5.5
375 8 1 0.5
376 8 1 1
377 8 1 1.5
378 8 1 2
379 8 1 2.5
380 8 1 3
381 8 1 3.5
382 8 1 4
383 8 1 4.5
384 8 1 5
385 8 1 5.5
386 8.5 1 0.5
387 8.5 1 1
388 8.5 1 1.5
389 8.5 1 2
390 8.5 1 2.5
391 8.5 1 3
392 8.5 1 3.5
393 8.5 1 4
394 8.5 1 4.5
395 8.5 1 5
396 8.5 1 5.5
397 9 1 0.5
398 9 1 1
399 9 1 1.5
400 9 1 2
401 9 1 2.5
402 9 1 3
403 9 1 3.5
404 9 1 4
405 9 1 4.5
406 9 1 5
407 9 1 5.5
408 9.5 1 0.5
409 9.5 1 1
410 9.5 1 1.5
411 9.5 1 2
412 9.5 1 2.5
413 9.5 1 3
414 9.5 1 3.5
415 9.5 1 4
416 9.5 1 4.5
417 9.5 1 5
418 9.5 1 5.5
419 0.5 1.5 0.5
420 0.5 1.5 1
421 0.5 1.5 1.5
422 0.5 1.5 2
423 0.5 1.5 2.5
424 0.5 1.5 3
425 0.5 1.5 3.5
426 0.5 1.5 4
427 0.5 1.5 4.5
428 0.5 1.5 5
429 0.5 1.5 5.5
430 1 1.5 0.5
431 1 1.5 1
432 1 1.5 1.5
433 1 1.5 2
434 1 1.5 2.5
435 1 1.5 3
436 1 1.5 3.5
437 1 1.5 4
438 1 1.5 4.5
439 1 1.5 5
440 1 1.5 5.5
441 1.5 1.5 0.5
442 1.5 1.5 1
443 1.5 1.5 1.5
444 1.5 1.5 2
445 1.5 1.5 2.5
446 1.5 1.5 3
447 1.5 1.5 3.5
448 1.5 1.5 4
449 1.5 1.5 4.5
450 1.5 1.5 5
451 1.5 1.5 5.5
452 2 1.5 0.5
453 2 1.5 1
454 2 1.5 1.5
455 2 1.5 2
456 2 1.5 2.5
457 2 1.5 3
458 2 1.5 3.5
459 2 1.5 4
460 2 1.5 4.5
461 2 1.5 5
462 2 1.5 5.5
463 2.5 1.5 0.5
464 2.5 1.5 1
465 2.5 1.5 1.5
466 2.5 1.5 2
467 2.5 1.5 2.5
468 2.5 1.5 3
469 2.5 1.5 3.5
470 2.5 1.5 4
471 2.5 1.5 4.5
472 2.5 1.5 5
473 2.5 1.5 5.5
474 3 1.5 0.5
475 3 1.5 1
476 3 1.5 1.5
477 3 1.5 2
478 3 1.5 2.5
479 3 1.5 3
480 3 1.5 3.5
481 3 1.5 4
482 3 1.5 4.5
483 3 1.5 5
484 3 1.5 5.5
485 3.5 1.5 0.5
486 3.5 1.5 1
487 3.5 1.5 1.5
488 3.5 1.5 2
489 3.5 1.5 2.5
490 3.5 1.5 3
491 3.5 1.5 3.5
492 3.5 1.5 4
493 3.5 1.5 4.5
494 3.5 1.5 5
495 3.5 1.5 5.5
496 4 1.5 0.5
497 4 1.5 1
498 4 1.5 1.5
499 4 1.5 2
500 4 1.5 2.5
501 4 1.5 3
502 4 1.5 3.5
503 4 1.5 4
504 4 1.5 4.5
505 4 1.5 5
506 4 1.5 5.5
507 4.5 1.5 0.5
508 4.5 1.5 1
509 4.5 1.5 1.5
510 4.5 1.5 2
511 4.5 1.5 2.5
512 4.5 1.5 3
513 4.5 1.5 3.5
514 4.5 1.5 4
515 4.5 1.5 4.5
516 4.5 1.5 5
517 4.5 1.5 5.5
518 5 1.5 0.5
519 5 1.5 1
520 5 1.5 1.5
521 5 1.5 2
522 5 1.5 2.5
523 5 1.5 3
524 5 1.5 3.5
525 5 1.5 4
526 5 1.5 4.5
527 5 1.5 5
528 5 1.5 5.5
529 5.5 1.5 0.5
530 5.5 1.5 1
531 5.5 1.5 1.5
532 5.5 1.5 2
533 5.5 1.5 2.5
534 5.5 1.5 3
535 5.5 1.5 3.5
536 5.5 1.5 4
537 5.5 1.5 4.5
538 5.5 1.5 5
539 5.5 1.5 5.5
540 6 1.5 0.5
541 6 1.5 1
542 6 1.5 1.5
543 6 1.5 2
544 6 1.5 2.5
545 6 1.5 3
546 6 1.5 3.5
547 6 1.5 4
548 6 1.5 4.5
549 6 1.5 5
550 6 1.5 5.5
551 6.5 1.5 0.5
552 6.5 1.5 1
553 6.5 1.5 1.5
554 6.5 1.5 2
555 6.5 1.5 2.5
556 6.5 1.5 3
557 6.5 1.5 3.5
558 6.5 1.5 4
559 6.5 1.5 4.5
560 6.5 1.5 5
561 6.5 1.5 5.5
562 7 1.5 0.5
563 7 1.5 1
564 7 1.5 1.5
565 7 1.5 2
566 7 1.5 2.5
567 7 1.5 3
568 7 1.5 3.5
569 7 1.5 4
570 7 1.5 4.5
571 7 1.5 5
572 7 1.5 5.5
573 7.5 1.5 0.5
574 7.5 1.5 1
575 7.5 1.5 1.5
576 7.5 1.5 2
577 7.5 1.5 2.5
578 7.5 1.5 3
579 7.5 1.5 3.5
580 7.5 1.5 4
581 7.5 1.5 4.5
582 7.5 1.5 5
583 7.5 1.5 5.5
584 8 1.5 0.5
585 8 1.5 1
586 8 1.5 1.5
587 8 1.5 2
588 8 1.5 2.5
589 8 1.5 3
590 8 1.5 3.5
591 8 1.5 4
592 8 1.5 4.5
593 8 1.5 5
594 8 1.5 5.5
595 8.5 1.5 0.5
596 8.5 1.5 1
597 8.5 1.5 1.5
598 8.5 1.5 2
599 8.5 1.5 2.5
600 8.5 1.5 3
601 8.5 1.5 3.5
602 8.5 1.5 4
603 8.5 1.5 4.5
604 8.5 1.5 5
605 8.5 1.5 5.5
606 9 1.5 0.5
607 9 1.5 1
608 9 1.5 1.5
609 9 1.5 2
610 9 1.5 2.5
611 9 1.5 3
612 9 1.5 3.5
613 9 1.5 4
614 9 1.5 4.5
615 9 1.5 5
616 9 1.5 5.5
617 9.5 1.5 0.5
618 9.5 1.5 1
619 9.5 1.5 1.5
620 9.5 1.5 2
621 9.5 1.5 2.5
622 9.5 1.5 3
623 9.5 1.5 3.5
624 9.5 1.5 4
625 9.5 1.5 4.5
626 9.5 1.5 5
627 9.5 1.5 5.5
628 0.5 2 0.5
629 0.5 2 1
630 0.5 2 1.5
631 0.5 2 2
632 0.5 2 2.5
633 0.5 2 3
634 0.5 2 3.5
635 0.5 2 4
636 0.5 2 4.5
637 0.5 2 5
638 0.5 2 5.5
639 1 2 0.5
640 1 2 1
641 1 2 1.5
642 1 2 2
643 1 2 2.5
644 1 2 3
645 1 2 3.5
646 1 2 4
647 1 2 4.5
648 1 2 5
649 1 2 5.5
650 1.5 2 0.5
651 1.5 2 1
652 1.5 2 1.5
653 1.5 2 2
654 1.5 2 2.5
655 1.5 2 3
656 1.5 2 3.5
657 1.5 2 4
658 1.5 2 4.5
659 1.5 2 5
660 1.5 2 5.5
661 2 2 0.5
662 2 2 1
663 2 2 1.5
664 2 2 2
665 2 2 2.5
666 2 2 3
667 2 2 3.5
668 2 2 4
669 2 2 4.5
670 2 2 5
671 2 2 5.5
672 2.5 2 0.5
673 2.5 2 1
674 2.5 2 1.5
675 2.5 2 2
676 2.5 2 2.5
677 2.5 2 3
678 2.5 2 3.5
679 2.5 2 4
680 2.5 2 4.5
681 2.5 2 5
682 2.5 2 5.5
683 3 2 0.5
684 3 2 1
685 3 2 1.5
686 3 2 2
687 3 2 2.5
688 3 2 3
689 3 2 3.5
690 3 2 4
691 3 2 4.5
692 3 2 5
693 3 2 5.5
694 3.5 2 0.5
695 3.5 2 1
696 3.5 2 1.5
697 3.5 2 2
698 3.5 2 2.5
699 3.5 2 3
700 3.5 2 3.5
701 3.5 2 4
702 3.5 2 4.5
703 3.5 2 5
704 3.5 2 5.5
705 4 2 0.5
706 4 2 1
707 4 2 1.5
708 4 2 2
709 4 2 2.5
710 4 2 3
711 4 2 3.5
712 4 2 4
713 4 2 4.5
714 4 2 5
715 4 2 5.5
716 4.5 2 0.5
717 4.5 2 1
718 4.5 2 1.5
719 4.5 2 2
720 4.5 2 2.5
721 4.5 2 3
722 4.5 2 3.5
723 4.5 2 4
724 4.5 2 4.5
725 4.5 2 5
726 4.5 2 5.5
727 5 2 0.5
728 5 2 1
729 5 2 1.5
730 5 2 2
731 5 2 2.5
732 5 2 3
733 5 2 3.5
734 5 2 4
735 5 2 4.5
736 5 2 5
737 5 2 5.5
738 5.5 2 0.5
739 5.5 2 1
740 5.5 2 1.5
741 5.5 2 2
742 5.5 2 2.5
743 5.5 2 3
744 5.5 2 3.5
745 5.5 2 4
746 5.5 2 4.5
747 5.5 2 5
748 5.5 2 5.5
749 6 2 0.5
750 6 2 1
751 6 2 1.5
752 6 2 2
753 6 2 2.5
754 6 2 3
755 6 2 3.5
756 6 2 4
757 6 2 4.5
758 6 2 5
759 6 2 5.5
760 6.5 2 0.5
761 6.5 2 1
762 6.5 2 1.5
763 6.5 2 2
764 6.5 2 2.5
765 6.5 2 3
766 6.5 2 3.5
767 6.5 2 4
768 6.5 2 4.5
769 6.5 2 5
770 6.5 2 5.5
771 7 2 0.5
772 7 2 1
773 7 2 1.5
774 7 2 2
775 7 2 2.5
776 7 2 3
777 7 2 3.5
778 7 2 4
779 7 2 4.5
780 7 2 5
781 7 2 5.5
782 7.5 2 0.5
783 7.5 2 1
784 7.5 2 1.5
785 7.5 2 2
786 7.5 2 2.5
787 7.5 2 3
788 7.5 2 3.5
789 7.5 2 4
790 7.5 2 4.5
791 7.5 2 5
792 7.5 2 5.5
793 8 2 0.5
794 8 2 1
795 8 2 1.5
796 8 2 2
797 8 2 2.5
798 8 2 3
799 8 2 3.5
800 8 2 4
801 8 2 4.5
802 8 2 5
803 8 2 5.5
804 8.5 2 0.5
805 8.5 2 1
806 8.5 2 1.5
807 8.5 2 2
808 8.5 2 2.5
809 8.5 2 3
810 8.5 2 3.5
811 8.5 2 4
812 8.5 2 4.5
813 8.5 2 5
814 8.5 2 5.5
815 9 2 0.5
816 9 2 1
817 9 2 1.5
818 9 2 2
819 9 2 2.5
820 9 2 3
821 9 2 3.5
822 9 2 4
823 9 2 4.5
824 9 2 5
825 9 2 5.5
826 9.5 2 0.5
827 9.5 2 1
828 9.5 2 1.5
829 9.5 2 2
830 9.5 2 2.5
831 9.5 2 3
832 9.5 2 3.5
833 9.5 2 4
834 9.5 2 4.5
835 9.5 2 5
836 9.5 2 5.5
837 0.5 2.5 0.5
838 0.5 2.5 1
839 0.5 2.5 1.5
840 0.5 2.5 2
841 0.5 2.5 2.5
842 0.5 2.5 3
843 0.5 2.5 3.5
844 0.5 2.5 4
845 0.5 2.5 4.5
846 0.5 2.5 5
847 0.5 2.5 5.5
848 1 2.5 0.5
849 1 2.5 1
850 1 2.5 1.5
851 1 2.5 2
852 1 2.5 2.5
853 1 2.5 3
854 1 2.5 3.5
855 1 2.5 4
856 1 2.5 4.5
857 1 2.5 5
858 1 2.5 5.5
859 1.5 2.5 0.5
860 1.5 2.5 1
861 1.5 2.5 1.5
862 1.5 2.5 2
863 1.5 2.5 2.5
864 1.5 2.5 3
865 1.5 2.5 3.5
866 1.5 2.5 4
867 1.5 2.5 4.5
868 1.5 2.5 5
869 1.5 2.5 5.5
870 2 2.5 0.5
871 2 2.5 1
872 2 2.5 1.5
873 2 2.5 2
874 2 2.5 2.5
875 2 2.5 3
876 2 2.5 3.5
877 2 2.5 4
878 2 2.5 4.5
879 2 2.5 5
880 2 2.5 5.5
881 2.5 2.5 0.5
882 2.5 2.5 1
883 2.5 2.5 1.5
884 2.5 2.5 2
885 2.5 2.5 2.5
886 2.5 2.5 3
887 2.5 2.5 3.5
888 2.5 2.5 4
889 2.5 2.5 4.5
890 2.5 2.5 5
891 2.5 2.5 5.5
892 3 2.5 0.5
893 3 2.5 1
894 3 2.5 1.5
895 3 2.5 2
896 3 2.5 2.5
897 3 2.5 3
898 3 2.5 3.5
899 3 2.5 4
900 3 2.5 4.5
901 3 2.5 5
902 3 2.5 5.5
903 3.5 2.5 0.5
904 3.5 2.5 1
905 3.5 2.5 1.5
906 3.5 2.5 2
907 3.5 2.5 2.5
908 3.5 2.5 3
909 3.5 2.5 3.5
910 3.5 2.5 4
911 3.5 2.5 4.5
912 3.5 2.5 5
913 3.5 2.5 5.5
914 4 2.5 0.5
915 4 2.5 1
916 4 2.5 1.5
917 4 2.5 2
918 4 2.5 2.5
919 4 2.5 3
920 4 2.5 3.5
921 4 2.5 4
922 4 2.5 4.5
923 4 2.5 5
924 4 2.5 5.5
925 4.5 2.5 0.5
926 4.5 2.5 1
927 4.5 2.5 1.5
928 4.5 2.5 2
929 4.5 2.5 2.5
930 4.5 2.5 3
931 4.5 2.5 3.5
932 4.5 2.5 4
933 4.5 2.5 4.5
934 4.5 2.5 5
935 4.5 2.5 5.5
936 5 2.5 0.5
937 5 2.5 1
938 5 2.5 1.5
939 5 2.5 2
940 5 2.5 2.5
941 5 2.5 3
942 5 2.5 3.5
943 5 2.5 4
944 5 2.5 4.5
945 5 2.5 5
946 5 2.5 5.5
947 5.5 2.5 0.5
948 5.5 2.5 1
949 5.5 2.5 1.5
950 5.5 2.5 2
951 5.5 2.5 2.5
952 5.5 2.5 3
953 5.5 2.5 3.5
954 5.5 2.5 4
955 5.5 2.5 4.5
956 5.5 2.5 5
957 5.5 2.5 5.5
958 6 2.5 0.5
959 6 2.5 1
960 6 2.5 1.5
961 6 2.5 2
962 6 2.5 2.5
963 6 2.5 3
964 6 2.5 3.5
965 6 2.5 4
966 6 2.5 4.5
967 6 2.5 5
968 6 2.5 5.5
969 6.5 2.5 0.5
970 6.5 2.5 1
971 6.5 2.5 1.5
972 6.5 2.5 2
973 6.5 2.5 2.5
974 6.5 2.5 3
975 6.5 2.5 3.5
976 6.5 2.5 4
977 6.5 2.5 4.5
978 6.5 2.5 5
979 6.5 2.5 5.5
980 7 2.5 0.5
981 7 2.5 1
982 7 2.5 1.5
983 7 2.5 2
984 7 2.5 2.5
985 7 2.5 3
986 7 2.5 3.5
987 7 2.5 4
988 7 2.5 4.5
989 7 2.5 5
990 7 2.5 5.5
991 7.5 2.5 0.5
992 7.5 2.5 1
993 7.5 2.5 1.5
994 7.5 2.5 2
995 7.5 2.5 2.5
996 7.5 2.5 3
997 7.5 2.5 3.5
998 7.5 2.5 4
999 7.5 2.5 4.5
1000 7.5 2.5 5
1001 7.5 2.5 5.5
1002 8 2.5 0.5
1003 8 2.5 1
1004 8 2.5 1.5
1005 8 2.5 2
1006 8 2.5 2.5
1007 8 2.5 3
1008 8 2.5 3.5
1009 8 2.5 4
1010 8 2.5 4.5
1011 8 2.5 5
1012 8 2.5 5.5
1013 8.5 2.5 0.5
1014 8.5 2.5 1
1015 8.5 2.5 1.5
1016 8.5 2.5 2
1017 8.5 2.5 2.5
1018 8.5 2.5 3
1019 8.5 2.5 3.5
1020 8.5 2.5 4
1021 8.5 2.5 4.5
1022 8.5 2.5 5
1023 8.5 2.5 5.5
1024 9 2.5 0.5
1025 9 2.5 1
1026 9 2.5 1.5
1027 9 2.5 2
1028 9 2.5 2.5
1029 9 2.5 3
1030 9 2.5 3.5
1031 9 2.5 4
1032 9 2.5 4.5
1033 9 2.5 5
1034 9 2.5 5.5
1035 9.5 2.5 0.5
1036 9.5 2.5 1
1037 9.5 2.5 1.5
1038 9.5 2.5 2
1039 9.5 2.5 2.5
1040 9.5 2.5 3
1041 9.5 2.5 3.5
1042 9.5 2.5 4
1043 9.5 2.5 4.5
1044 9.5 2.5 5
1045 9.5 2.5 5.5
1046 0.5 3 0.5
1047 0.5 3 1
1048 0.5 3 1.5
1049 0.5 3 2
1050 0.5 3 2.5
1051 0.5 3 3
1052 0.5 3 3.5
1053 0.5 3 4
1054 0.5 3 4.5
1055 0.5 3 5
1056 0.5 3 5.5
1057 1 3 0.5
1058 1 3 1
1059 1 3 1.5
1060 1 3 2
1061 1 3 2.5
1062 1 3 3
1063 1 3 3.5
1064 1 3 4
1065 1 3 4.5
1066 1 3 5
1067 1 3 5.5
1068 1.5 3 0.5
1069 1.5 3 1
1070 1.5 3 1.5
1071 1.5 3 2
1072 1.5 3 2.5
1073 1.5 3 3
1074 1.5 3 3.5
1075 1.5 3 4
1076 1.5 3 4.5
1077 1.5 3 5
1078 1.5 3 5.5
1079 2 3 0.5
1080 2 3 1
1081 2 3 1.5
1082 2 3 2
1083 2 3 2.5
1084 2 3 3
1085 2 3 3.5
1086 2 3 4
1087 2 3 4.5
1088 2 3 5
1089 2 3 5.5
1090 2.5 3 0.5
1091 2.5 3 1
1092 2.5 3 1.5
1093 2.5 3 2
1094 2.5 3 2.5
1095 2.5 3 3
1096 2.5 3 3.5
1097 2.5 3 4
1098 2.5 3 4.5
1099 2.5 3 5
1100 2.5 3 5.5
1101 3 3 0.5
1102 3 3 1
1103 3 3 1.5
1104 3 3 2
1105 3 3 2.5
1106 3 3 3
1107 3 3 3.5
1108 3 3 4
1109 3 3 4.5
1110 3 3 5
1111 3 3 5.5
1112 3.5 3 0.5
1113 3.5 3 1
1114 3.5 3 1.5
1115 3.5 3 2
1116 3.5 3 2.5
1117 3.5 3 3
1118 3.5 3 3.5
1119 3.5 3 4
1120 3.5 3 4.5
1121 3.5 3 5
1122 3.5 3 5.5
1123 4 3 0.5
1124 4 3 1
1125 4 3 1.5
1126 4 3 2
1127 4 3 2.5
1128 4 3 3
1129 4 3 3.5
1130 4 3 4
1131 4 3 4.5
1132 4 3 5
1133 4 3 5.5
1134 4.5 3 0.5
1135 4.5 3 1
1136 4.5 3 1.5
1137 4.5 3 2
1138 4.5 3 2.5
1139 4.5 3 3
1140 4.5 3 3.5
1141 4.5 3 4
1142 4.5 3 4.5
1143 4.5 3 5
1144 4.5 3 5.5
1145 5 3 0.5
1146 5 3 1
1147 5 3 1.5
1148 5 3 2
1149 5 3 2.5
1150 5 3 3
1151 5 3 3.5
1152 5 3 4
1153 5 3 4.5
1154 5 3 5
1155 5 3 5.5
1156 5.5 3 0.5
1157 5.5 3 1
1158 5.5 3 1.5
1159 5.5 3 2
1160 5.5 3 2.5
1161 5.5 3 3
1162 5.5 3 3.5
1163 5.5 3 4
1164 5.5 3 4.5
1165 5.5 3 5
1166 5.5 3 5.5
1167 6 3 0.5
1168 6 3 1
1169 6 3 1.5
1170 6 3 2
1171 6 3 2.5
1172 6 3 3
1173 6 3 3.5
1174 6 3 4
1175 6 3 4.5
1176 6 3 5
1177 6 3 5.5
1178 6.5 3 0.5
1179 6.5 3 1
1180 6.5 3 1.5
1181 6.5 3 2
1182 6.5 3 2.5
1183 6.5 3 3
1184 6.5 3 3.5
1185 6.5 3 4
1186 6.5 3 4.5
1187 6.5 3 5
1188 6.5 3 5.5
1189 7 3 0.5
1190 7 3 1
1191 7 3 1.5
1192 7 3 2
1193 7 3 2.5
1194 7 3 3
1195 7 3 3.5
1196 7 3 4
1197 7 3 4.5
1198 7 3 5
1199 7 3 5.5
1200 7.5 3 0.5
1201 7.5 3 1
1202 7.5 3 1.5
1203 7.5 3 2
1204 7.5 3 2.5
1205 7.5 3 3
1206 7.5 3 3.5
1207 7.5 3 4
1208 7.5 3 4.5
1209 7.5 3 5
1210 7.5 3 5.5
1211 8 3 0.5
1212 8 3 1
1213 8 3 1.5
1214 8 3 2
1215 8 3 2.5
1216 8 3 3
1217 8 3 3.5
1218 8 3 4
1219 8 3 4.5
1220 8 3 5
1221 8 3 5.5
1222 8.5 3 0.5
1223 8.5 3 1
1224 8.5 3 1.5
1225 8.5 3 2
1226 8.5 3 2.5
1227 8.5 3 3
1228 8.5 3 3.5
1229 8.5 3 4
1230 8.5 3 4.5
1231 8.5 3 5
1232 8.5 3 5.5
1233 9 3 0.5
1234 9 3 1
1235 9 3 1.5
1236 9 3 2
1237 9 3 2.5
1238 9 3 3
1239 9 3 3.5
1240 9 3 4
1241 9 3 4.5
1242 9 3 5
1243 9 3 5.5
1244 9.5 3 0.5
1245 9.5 3 1
1246 9.5 3 1.5
1247 9.5 3 2
1248 9.5 3 2.5
1249 9.5 3 3
1250 9.5 3 3.5
1251 9.5 3 4
1252 9.5 3 4.5
1253 9.5 3 5
1254 9.5 3 5.5
1255 0.5 3.5 0.5
1256 0.5 3.5 1
1257 0.5 3.5 1.5
1258 0.5 3.5 2
1259 0.5 3.5 2.5
1260 0.5 3.5 3
1261 0.5 3.5 3.5
1262 0.5 3.5 4
1263 0.5 3.5 4.5
1264 0.5 3.5 5
1265 0.5 3.5 5.5
1266 1 3.5 0.5
1267 1 3.5 1
1268 1 3.5 1.5
1269 1 3.5 2
1270 1 3.5 2.5
1271 1 3.5 3
1272 1 3.5 3.5
1273 1 3.5 4
1274 1 3.5 4.5
1275 1 3.5 5
1276 1 3.5 5.5
1277 1.5 3.5 0.5
1278 1.5 3.5 1
1279 1.5 3.5 1.5
1280 1.5 3.5 2
1281 1.5 3.5 2.5
1282 1.5 3.5 3
1283 1.5 3.5 3.5
1284 1.5 3.5 4
1285 1.5 3.5 4.5
1286 1.5 3.5 5
1287 1.5 3.5 5.5
1288 2 3.5 0.5
1289 2 3.5 1
1290 2 3.5 1.5
1291 2 3.5 2
1292 2 3.5 2.5
1293 2 3.5 3
1294 2 3.5 3.5
1295 2 3.5 4
1296 2 3.5 4.5
1297 2 3.5 5
1298 2 3.5 5.5
1299 2.5 3.5 0.5
1300 2.5 3.5 1
1301 2.5 3.5 1.5
1302 2.5 3.5 2
1303 2.5 3.5 2.5
1304 2.5 3.5 3
1305 2.5 3.5 3.5
1306 2.5 3.5 4
1307 2.5 3.5 4.5
1308 2.5 3.5 5
1309 2.5 3.5 5.5
1310 3 3.5 0.5
1311 3 3.5 1
1312 3 3.5 1.5
1313 3 3.5 2
1314 3 3.5 2.5
1315 3 3.5 3
1316 3 3.5 3.5
1317 3 3.5 4
1318 3 3.5 4.5
1319 3 3.5 5
1320 3 3.5 5.5
1321 3.5 3.5 0.5
1322 3.5 3.5 1
1323 3.5 3.5 1.5
1324 3.5 3.5 2
1325 3.5 3.5 2.5
1326 3.5 3.5 3
1327 3.5 3.5 3.5
1328 3.5 3.5 4
1329 3.5 3.5 4.5
1330 3.5 3.5 5
1331 3.5 3.5 5.5
1332 4 3.5 0.5
1333 4 3.5 1
1334 4 3.5 1.5
1335 4 3.5 2
1336 4 3.5 2.5
1337 4 3.5 3
1338 4 3.5 3.5
1339 4 3.5 4
1340 4 3.5 4.5
1341 4 3.5 5
1342 4 3.5 5.5
1343 4.5 3.5 0.5
1344 4.5 3.5 1
1345 4.5 3.5 1.5
1346 4.5 3.5 2
1347 4.5 3.5 2.5
1348 4.5 3.5 3
1349 4.5 3.5 3.5
1350 4.5 3.5 4
1351 4.5 3.5 4.5
1352 4.5 3.5 5
1353 4.5 3.5 5.5
1354 5 3.5 0.5
1355 5 3.5 1
1356 5 3.5 1.5
1357 5 3.5 2
1358 5 3.5 2.5
1359 5 3.5 3
1360 5 3.5 3.5
1361 5 3.5 4
1362 5 3.5 4.5
1363 5 3.5 5
1364 5 3.5 5.5
1365 5.5 3.5 0.5
1366 5.5 3.5 1
1367 5.5 3.5 1.5
1368 5.5 3.5 2
1369 5.5 3.5 2.5
1370 5.5 3.5 3
1371 5.5 3.5 3.5
1372 5.5 3.5 4
1373 5.5 3.5 4.5
1374 5.5 3.5 5
1375 5.5 3.5 5.5
1376 6 3.5 0.5
1377 6 3.5 1
1378 6 3.5 1.5
1379 6 3.5 2
1380 6 3.5 2.5
1381 6 3.5 3
1382 6 3.5 3.5
1383 6 3.5 4
1384 6 3.5 4.5
1385 6 3.5 5
1386 6 3.5 5.5
1387 6.5 3.5 0.5
1388 6.5 3.5 1
1389 6.5 3.5 1.5
1390 6.5 3.5 2
1391 6.5 3.5 2.5
1392 6.5 3.5 3
1393 6.5 3.5 3.5
1394 6.5 3.5 4
1395 6.5 3.5 4.5
1396 6.5 3.5 5
1397 6.5 3.5 5.5
1398 7 3.5 0.5
1399 7 3.5 1
1400 7 3.5 1.5
1401 7 3.5 2
1402 7 3.5 2.5
1403 7 3.5 3
1404 7 3.5 3.5
1405 7 3.5 4
1406 7 3.5 4.5
1407 7 3.5 5
1408 7 3.5 5.5
1409 7.5 3.5 0.5
1410 7.5 3.5 1
1411 7.5 3.5 1.5
1412 7.5 3.5 2
1413 7.5 3.5 2.5
1414 7.5 3.5 3
1415 7.5 3.5 3.5
1416 7.5 3.5 4
1417 7.5 3.5 4.5
1418 7.5 3.5 5
1419 7.5 3.5 5.5
1420 8 3.5 0.5
1421 8 3.5 1
1422 8 3.5 1.5
1423 8 3.5 2
1424 8 3.5 2.5
1425 8 3.5 3
1426 8 3.5 3.5
1427 8 3.5 4
1428 8 3.5 4.5
1429 8 3.5 5
1430 8 3.5 5.5
1431 8.5 3.5 0.5
1432 8.5 3.5 1
1433 8.5 3.5 1.5
1434 8.5 3.5 2
1435 8.5 3.5 2.5
1436 8.5 3.5 3
1437 8.5 3.5 3.5
1438 8.5 3.5 4
1439 8.5 3.5 4.5
1440 8.5 3.5 5
1441 8.5 3.5 5.5
1442 9 3.5 0.5
1443 9 3.5 1
1444 9 3.5 1.5
1445 9 3.5 2
1446 9 3.5 2.5
1447 9 3.5 3
1448 9 3.5 3.5
1449 9 3.5 4
1450 9 3.5 4.5
1451 9 3.5 5
1452 9 3.5 5.5
1453 9.5 3.5 0.5
1454 9.5 3.5 1
1455 9.5 3.5 1.5
1456 9.5 3.5 2
1457 9.5 3.5 2.5
1458 9.5 3.5 3
1459 9.5 3.5 3.5
1460 9.5 3.5 4
1461 9.5 3.5 4.5
1462 9.5 3.5 5
1463 9.5 3.5 5.5
1464 0.5 4 0.5
1465 0.5 4 1
1466 0.5 4 1.5
1467 0.5 4 2
1468 0.5 4 2.5
1469 0.5 4 3
1470 0.5 4 3.5
1471 0.5 4 4
1472 0.5 4 4.5
1473 0.5 4 5
1474 0.5 4 5.5
1475 1 4 0.5
1476 1 4 1
1477 1 4 1.5
1478 1 4 2
1479 1 4 2.5
1480 1 4 3
1481 1 4 3.5
1482 1 4 4
1483 1 4 4.5
1484 1 4 5
1485 1 4 5.5
1486 1.5 4 0.5
1487 1.5 4 1
1488 1.5 4 1.5
1489 1.5 4 2
1490 1.5 4 2.5
1491 1.5 4 3
1492 1.5 4 3.5
1493 1.5 4 4
1494 1.5 4 4.5
1495 1.5 4 5
1496 1.5 4 5.5
1497 2 4 0.5
1498 2 4 1
1499 2 4 1.5
1500 2 4 2
1501 2 4 2.5
1502 2 4 3
1503 2 4 3.5
1504 2 4 4
1505 2 4 4.5
1506 2 4 5
1507 2 4 5.5
1508 2.5 4 0.5
1509 2.5 4 1
1510 2.5 4 1.5
1511 2.5 4 2
1512 2.5 4 2.5
1513 2.5 4 3
1514 2.5 4 3.5
1515 2.5 4 4
1516 2.5 4 4.5
1517 2.5 4 5
1518 2.5 4 5.5
1519 3 4 0.5
1520 3 4 1
1521 3 4 1.5
1522 3 4 2
1523 3 4 2.5
1524 3 4 3
1525 3 4 3.5
1526 3 4 4
1527 3 4 4.5
1528 3 4 5
1529 3 4 5.5
1530 3.5 4 0.5
1531 3.5 4 1
1532 3.5 4 1.5
1533 3.5 4 2
1534 3.5 4 2.5
1535 3.5 4 3
1536 3.5 4 3.5
1537 3.5 4 4
1538 3.5 4 4.5
1539 3.5 4 5
1540 3.5 4 5.5
1541 4 4 0.5
1542 4 4 1
1543 4 4 1.5
1544 4 4 2
1545 4 4 2.5
1546 4 4 3
1547 4 4 3.5
1548 4 4 4
1549 4 4 4.5
1550 4 4 5
1551 4 4 5.5
1552 4.5 4 0.5
1553 4.5 4 1
1554 4.5 4 1.5
1555 4.5 4 2
1556 4.5 4 2.5
1557 4.5 4 3
1558 4.5 4 3.5
1559 4.5 4 4
1560 4.5 4 4.5
1561 4.5 4 5
1562 4.5 4 5.5
1563 5 4 0.5
1564 5 4 1
1565 5 4 1.5
1566 5 4 2
1567 5 4 2.5
1568 5 4 3
1569 5 4 3.5
1570 5 4 4
1571 5 4 4.5
1572 5 4 5
1573 5 4 5.5
1574 5.5 4 0.5
1575 5.5 4 1
1576 5.5 4 1.5
1577 5.5 4 2
1578 5.5 4 2.5
1579 5.5 4 3
1580 5.5 4 3.5
1581 5.5 4 4
1582 5.5 4 4.5
1583 5.5 4 5
1584 5.5 4 5.5
1585 6 4 0.5
1586 6 4 1
1587 6 4 1.5
1588 6 4 2
1589 6 4 2.5
1590 6 4 3
1591 6 4 3.5
1592 6 4 4
1593 6 4 4.5
1594 6 4 5
1595 6 4 5.5
1596 6.5 4 0.5
1597 6.5 4 1
1598 6.5 4 1.5
1599 6.5 4 2
1600 6.5 4 2.5
1601 6.5 4 3
1602 6.5 4 3.5
1603 6.5 4 4
1604 6.5 4 4.5
1605 6.5 4 5
1606 6.5 4 5.5
1607 7 4 0.5
1608 7 4 1
1609 7 4 1.5
1610 7 4 2
1611 7 4 2.5
1612 7 4 3
1613 7 4 3.5
1614 7 4 4
1615 7 4 4.5
1616 7 4 5
1617 7 4 5.5
1618 7.5 4 0.5
1619 7.5 4 1
1620 7.5 4 1.5
1621 7.5 4 2
1622 7.5 4 2.5
1623 7.5 4 3
1624 7.5 4 3.5
1625 7.5 4 4
1626 7.5 4 4.5
1627 7.5 4 5
1628 7.5 4 5.5
1629 8 4 0.5
1630 8 4 1
1631 8 4 1.5
1632 8 4 2
1633 8 4 2.5
1634 8 4 3
1635 8 4 3.5
1636 8 4 4
1637 8 4 4.5
1638 8 4 5
1639 8 4 5.5
1640 8.5 4 0.5
1641 8.5 4 1
1642 8.5 4 1.5
1643 8.5 4 2
1644 8.5 4 2.5
1645 8.5 4 3
1646 8.5 4 3.5
1647 8.5 4 4
1648 8.5 4 4.5
1649 8.5 4 5
1650 8.5 4 5.5
1651 9 4 0.5
1652 9 4 1
1653 9 4 1.5
1654 9 4 2
1655 9 4 2.5
1656 9 4 3
1657 9 4 3.5
1658 9 4 4
1659 9 4 4.5
1660 9 4 5
1661 9 4 5.5
1662 9.5 4 0.5
1663 9.5 4 1
1664 9.5 4 1.5
1665 9.5 4 2
1666 9.5 4 2.5
1667 9.5 4 3
1668 9.5 4 3.5
1669 9.5 4 4
1670 9.5 4 4.5
1671 9.5 4 5
1672 9.5 4 5.5
1673 0.5 4.5 0.5
1674 0.5 4.5 1
1675 0.5 4.5 1.5
1676 0.5 4.5 2
1677 0.5 4.5 2.5
1678 0.5 4.5 3
1679 0.5 4.5 3.5
1680 0.5 4.5 4
1681 0.5 4.5 4.5
1682 0.5 4.5 5
1683 0.5 4.5 5.5
1684 1 4.5 0.5
1685 1 4.5 1
1686 1 4.5 1.5
1687 1 4.5 2
1688 1 4.5 2.5
1689 1 4.5 3
1690 1 4.5 3.5
1691 1 4.5 4
1692 1 4.5 4.5
1693 1 4.5 5
1694 1 4.5 5.5
1695 1.5 4.5 0.5
1696 1.5 4.5 1
1697 1.5 4.5 1.5
1698 1.5 4.5 2
1699 1.5 4.5 2.5
1700 1.5 4.5 3
1701 1.5 4.5 3.5
1702 1.5 4.5 4
1703 1.5 4.5 4.5
1704 1.5 4.5 5
1705 1.5 4.5 5.5
1706 2 4.5 0.5
1707 2 4.5 1
1708 2 4.5 1.5
1709 2 4.5 2
1710 2 4.5 2.5
1711 2 4.5 3
1712 2 4.5 3.5
1713 2 4.5 4
1714 2 4.5 4.5
1715 2 4.5 5
1716 2 4.5 5.5
1717 2.5 4.5 0.5
1718 2.5 4.5 1
1719 2.5 4.5 1.5
1720 2.5 4.5 2
1721 2.5 4.5 2.5
1722 2.5 4.5 3
1723 2.5 4.5 3.5
1724 2.5 4.5 4
1725 2.5 4.5 4.5
1726 2.5 4.5 5
1727 2.5 4.5 5.5
1728 3 4.5 0.5
1729 3 4.5 1
1730 3 4.5 1.5
1731 3 4.5 2
1732 3 4.5 2.5
1733 3 4.5 3
1734 3 4.5 3.5
1735 3 4.5 4
1736 3 4.5 4.5
1737 3 4.5 5
1738 3 4.5 5.5
1739 3.5 4.5 0.5
1740 3.5 4.5 1
1741 3.5 4.5 1.5
1742 3.5 4.5 2
1743 3.5 4.5 2.5
1744 3.5 4.5 3
1745 3.5 4.5 3.5
1746 3.5 4.5 4
1747 3.5 4.5 4.5
1748 3.5 4.5 5
1749 3.5 4.5 5.5
1750 4 4.5 0.5
1751 4 4.5 1
1752 4 4.5 1.5
1753 4 4.5 2
1754 4 4.5 2.5
1755 4 4.5 3
1756 4 4.5 3.5
1757 4 4.5 4
1758 4 4.5 4.5
1759 4 4.5 5
1760 4 4.5 5.5
1761 4.5 4.5 0.5
1762 4.5 4.5 1
1763 4.5 4.5 1.5
1764 4.5 4.5 2
1765 4.5 4.5 2.5
1766 4.5 4.5 3
1767 4.5 4.5 3.5
1768 4.5 4.5 4
1769 4.5 4.5 4.5
1770 4.5 4.5 5
1771 4.5 4.5 5.5
1772 5 4.5 0.5
1773 5 4.5 1
1774 5 4.5 1.5
1775 5 4.5 2
1776 5 4.5 2.5
1777 5 4.5 3
1778 5 4.5 3.5
1779 5 4.5 4
1780 5 4.5 4.5
1781 5 4.5 5
1782 5 4.5 5.5
1783 5.5 4.5 0.5
1784 5.5 4.5 1
1785 5.5 4.5 1.5
1786 5.5 4.5 2
1787 5.5 4.5 2.5
1788 5.5 4.5 3
1789 5.5 4.5 3.5
1790 5.5 4.5 4
1791 5.5 4.5 4.5
1792 5.5 4.5 5
1793 5.5 4.5 5.5
1794 6 4.5 0.5
1795 6 4.5 1
1796 6 4.5 1.5
1797 6 4.5 2
1798 6 4.5 2.5
1799 6 4.5 3
1800 6 4.5 3.5
1801 6 4.5 4
1802 6 4.5 4.5
1803 6 4.5 5
1804 6 4.5 5.5
1805 6.5 4.5 0.5
1806 6.5 4.5 1
1807 6.5 4.5 1.5
1808 6.5 4.5 2
1809 6.5 4.5 2.5
1810 6.5 4.5 3
1811 6.5 4.5 3.5
1812 6.5 4.5 4
1813 6.5 4.5 4.5
1814 6.5 4.5 5
1815 6.5 4.5 5.5
1816 7 4.5 0.5
1817 7 4.5 1
1818 7 4.5 1.5
1819 7 4.5 2
1820 7 4.5 2.5
1821 7 4.5 3
1822 7 4.5 3.5
1823 7 4.5 4
1824 7 4.5 4.5
1825 7 4.5 5
1826 7 4.5 5.5
1827 7.5 4.5 0.5
1828 7.5 4.5 1
1829 7.5 4.5 1.5
1830 7.5 4.5 2
1831 7.5 4.5 2.5
1832 7.5 4.5 3
1833 7.5 4.5 3.5
1834 7.5 4.5 4
1835 7.5 4.5 4.5
1836 7.5 4.5 5
1837 7.5 4.5 5.5
1838 8 4.5 0.5
1839 8 4.5 1
1840 8 4.5 1.5
1841 8 4.5 2
1842 8 4.5 2.5
1843 8 4.5 3
1844 8 4.5 3.5
1845 8 4.5 4
1846 8 4.5 4.5
1847 8 4.5 5
1848 8 4.5 5.5
1849 8.5 4.5 0.5
1850 8.5 4.5 1
1851 8.5 4.5 1.5
1852 8.5 4.5 2
1853 8.5 4.5 2.5
1854 8.5 4.5 3
1855 8.5 4.5 3.5
1856 8.5 4.5 4
1857 8.5 4.5 4.5
1858 8.5 4.5 5
1859 8.5 4.5 5.5
1860 9 4.5 0.5
1861 9 4.5 1
1862 9 4.5 1.5
1863 9 4.5 2
1864 9 4.5 2.5
1865 9 4.5 3
1866 9 4.5 3.5
1867 9 4.5 4
1868 9 4.5 4.5
1869 9 4.5 5
1870 9 4.5 5.5
1871 9.5 4.5 0.5
1872 9.5 4.5 1
1873 9.5 4.5 1.5
1874 9.5 4.5 2
1875 9.5 4.5 2.5
1876 9.5 4.5 3
1877 9.5 4.5 3.5
1878 9.5 4.5 4
1879 9.5 4.5 4.5
1880 9.5 4.5 5
1881 9.5 4.5 5.5
1882 0.5 5 0.5
1883 0.5 5 1
1884 0.5 5 1.5
1885 0.5 5 2
1886 0.5 5 2.5
1887 0.5 5 3
1888 0.5 5 3.5
1889 0.5 5 4
1890 0.5 5 4.5
1891 0.5 5 5
1892 0.5 5 5.5
1893 1 5 0.5
1894 1 5 1
1895 1 5 1.5
1896 1 5 2
1897 1 5 2.5
1898 1 5 3
1899 1 5 3.5
1900 1 5 4
1901 1 5 4.5
1902 1 5 5
1903 1 5 5.5
1904 1.5 5 0.5
1905 1.5 5 1
1906 1.5 5 1.5
1907 1.5 5 2
1908 1.5 5 2.5
1909 1.5 5 3
1910 1.5 5 3.5
1911 1.5 5 4
1912 1.5 5 4.5
1913 1.5 5 5
1914 1.5 5 5.5
1915 2 5 0.5
1916 2 5 1
1917 2 5 1.5
1918 2 5 2
1919 2 5 2.5
1920 2 5 3
1921 2 5 3.5
1922 2 5 4
1923 2 5 4.5
1924 2 5 5
1925 2 5 5.5
1926 2.5 5 0.5
1927 2.5 5 1
1928 2.5 5 1.5
1929 2.5 5 2
1930 2.5 5 2.5
1931 2.5 5 3
1932 2.5 5 3.5
1933 2.5 5 4
1934 2.5 5 4.5
1935 2.5 5 5
1936 2.5 5 5.5
1937 3 5 0.5
1938 3 5 1
1939 3 5 1.5
1940 3 5 2
1941 3 5 2.5
1942 3 5 3
1943 3 5 3.5
1944 3 5 4
1945 3 5 4.5
1946 3 5 5
1947 3 5 5.5
1948 3.5 5 0.5
1949 3.5 5 1
1950 3.5 5 1.5
1951 3.5 5 2
1952 3.5 5 2.5
1953 3.5 5 3
1954 3.5 5 3.5
1955 3.5 5 4
1956 3.5 5 4.5
1957 3.5 5 5
1958 3.5 5 5.5
1959 4 5 0.5
1960 4 5 1
1961 4 5 1.5
1962 4 5 2
1963 4 5 2.5
1964 4 5 3
1965 4 5 3.5
1966 4 5 4
1967 4 5 4.5
1968 4 5 5
1969 4 5 5.5
1970 4.5 5 0.5
1971 4.5 5 1
1972 4.5 5 1.5
1973 4.5 5 2
1974 4.5 5 2.5
1975 4.5 5 3
1976 4.5 5 3.5
1977 4.5 5 4
1978 4.5 5 4.5
1979 4.5 5 5
1980 4.5 5 5.5
1981 5 5 0.5
1982 5 5 1
1983 5 5 1.5
1984 5 5 2
1985 5 5 2.5
1986 5 5 3
1987 5 5 3.5
1988 5 5 4
1989 5 5 4.5
1990 5 5 5
1991 5 5 5.5
1992 5.5 5 0.5
1993 5.5 5 1
1994 5.5 5 1.5
1995 5.5 5 2
1996 5.5 5 2.5
1997 5.5 5 3
1998 5.5 5 3.5
1999 5.5 5 4
2000 5.5 5 4.5
2001 5.5 5 5
2002 5.5 5 5.5
2003 6 5 0.5
2004 6 5 1
2005 6 5 1.5
2006 6 5 2
2007 6 5 2.5
2008 6 5 3
2009 6 5 3.5
2010 6 5 4
2011 6 5 4.5
2012 6 5 5
2013 6 5 5.5
2014 6.5 5 0.5
2015 6.5 5 1
2016 6.5 5 1.5
2017 6.5 5 2
2018 6.5 5 2.5
2019 6.5 5 3
2020 6.5 5 3.5
2021 6.5 5 4
2022 6.5 5 4.5
2023 6.5 5 5
2024 6.5 5 5.5
2025 7 5 0.5
2026 7 5 1
2027 7 5 1.5
2028 7 5 2
2029 7 5 2.5
2030 7 5 3
2031 7 5 3.5
2032 7 5 4
2033 7 5 4.5
2034 7 5 5
2035 7 5 5.5
2036 7.5 5 0.5
2037 7.5 5 1
2038 7.5 5 1.5
2039 7.5 5 2
2040 7.5 5 2.5
2041 7.5 5 3
2042 7.5 5 3.5
2043 7.5 5 4
2044 7.5 5 4.5
2045 7.5 5 5
2046 7.5 5 5.5
2047 8 5 0.5
2048 8 5 1
2049 8 5 1.5
2050 8 5 2
2051 8 5 2.5
2052 8 5 3
2053 8 5 3.5
2054 8 5 4
2055 8 5 4.5
2056 8 5 5
2057 8 5 5.5
2058 8.5 5 0.5
2059 8.5 5 1
2060 8.5 5 1.5
2061 8.5 5 2
2062 8.5 5 2.5
2063 8.5 5 3
2064 8.5 5 3.5
2065 8.5 5 4
2066 8.5 5 4.5
2067 8.5 5 5
2068 8.5 5 5.5
2069 9 5 0.5
2070 9 5 1
2071 9 5 1.5
2072 9 5 2
2073 9 5 2.5
2074 9 5 3
2075 9 5 3.5
2076 9 5 4
2077 9 5 4.5
2078 9 5 5
2079 9 5 5.5
2080 9.5 5 0.5
2081 9.5 5 1
2082 9.5 5 1.5
2083 9.5 5 2
2084 9.5 5 2.5
2085 9.5 5 3
2086 9.5 5 3.5
2087 9.5 5 4
2088 9.5 5 4.5
2089 9.5 5 5
2090 9.5 5 5.5
2091 0.5 5.5 0.5
2092 0.5 5.5 1
2093 0.5 5.5 1.5
2094 0.5 5.5 2
2095 0.5 5.5 2.5
2096 0.5 5.5 3
2097 0.5 5.5 3.5
2098 0.5 5.5 4
2099 0.5 5.5 4.5
2100 0.5 5.5 5
2101 0.5 5.5 5.5
2102 1 5.5 0.5
2103 1 5.5 1
2104 1 5.5 1.5
2105 1 5.5 2
2106 1 5.5 2.5
2107 1 5.5 3
2108 1 5.5 3.5
2109 1 5.5 4
2110 1 5.5 4.5
2111 1 5.5 5
2112 1 5.5 5.5
2113 1.5 5.5 0.5
2114 1.5 5.5 1
2115 1.5 5.5 1.5
2116 1.5 5.5 2
2117 1.5 5.5 2.5
2118 1.5 5.5 3
2119 1.5 5.5 3.5
2120 1.5 5.5 4
2121 1.5 5.5 4.5
2122 1.5 5.5 5
2123 1.5 5.5 5.5
2124 2 5.5 0.5
2125 2 5.5 1
2126 2 5.5 1.5
2127 2 5.5 2
2128 2 5.5 2.5
2129 2 5.5 3
2130 2 5.5 3.5
2131 2 5.5 4
2132 2 5.5 4.5
2133 2 5.5 5
2134 2 5.5 5.5
2135 2.5 5.5 0.5
2136 2.5 5.5 1
2137 2.5 5.5 1.5
2138 2.5 5.5 2
2139 2.5 5.5 2.5
2140 2.5 5.5 3
2141 2.5 5.5 3.5
2142 2.5 5.5 4
2143 2.5 5.5 4.5
2144 2.5 5.5 5
2145 2.5 5.5 5.5
2146 3 5.5 0.5
2147 3 5.5 1
2148 3 5.5 1.5
2149 3 5.5 2
2150 3 5.5 2.5
2151 3 5.5 3
2152 3 5.5 3.5
2153 3 5.5 4
2154 3 5.5 4.5
2155 3 5.5 5
2156 3 5.5 5.5
2157 3.5 5.5 0.5
2158 3.5 5.5 1
2159 3.5 5.5 1.5
2160 3.5 5.5 2
2161 3.5 5.5 2.5
2162 3.5 5.5 3
2163 3.5 5.5 3.5
2164 3.5 5.5 4
2165 3.5 5.5 4.5
2166 3.5 5.5 5
2167 3.5 5.5 5.5
2168 4 5.5 0.5
2169 4 5.5 1
2170 4 5.5 1.5
2171 4 5.5 2
2172 4 5.5 2.5
2173 4 5.5 3
2174 4 5.5 3.5
2175 4 5.5 4
2176 4 5.5 4.5
2177 4 5.5 5
2178 4 5.5 5.5
2179 4.5 5.5 0.5
2180 4.5 5.5 1
2181 4.5 5.5 1.5
2182 4.5 5.5 2
2183 4.5 5.5 2.5
2184 4.5 5.5 3
2185 4.5 5.5 3.5
2186 4.5 5.5 4
2187 4.5 5.5 4.5
2188 4.5 5.5 5
2189 4.5 5.5 5.5
2190 5 5.5 0.5
2191 5 5.5 1
2192 5 5.5 1.5
2193 5 5.5 2
2194 5 5.5 2.5
2195 5 5.5 3
2196 5 5.5 3.5
2197 5 5.5 4
2198 5 5.5 4.5
2199 5 5.5 5
2200 5 5.5 5.5
2201 5.5 5.5 0.5
2202 5.5 5.5 1
2203 5.5 5.5 1.5
2204 5.5 5.5 2
2205 5.5 5.5 2.5
2206 5.5 5.5 3
2207 5.5 5.5 3.5
2208 5.5 5.5 4
2209 5.5 5.5 4.5
2210 5.5 5.5 5
2211 5.5 5.5 5.5
2212 6 5.5 0.5
2213 6 5.5 1
2214 6 5.5 1.5
2215 6 5.5 2
2216 6 5.5 2.5
2217 6 5.5 3
2218 6 5.5 3.5
2219 6 5.5 4
2220 6 5.5 4.5
2221 6 5.5 5
2222 6 5.5 5.5
2223 6.5 5.5 0.5
2224 6.5 5.5 1
2225 6.5 5.5 1.5
2226 6.5 5.5 2
2227 6.5 5.5 2.5
2228 6.5 5.5 3
2229 6.5 5.5 3.5
2230 6.5 5.5 4
2231 6.5 5.5 4.5
2232 6.5 5.5 5
2233 6.5 5.5 5.5
2234 7 5.5 0.5
2235 7 5.5 1
2236 7 5.5 1.5
2237 7 5.5 2
2238 7 5.5 2.5
2239 7 5.5 3
2240 7 5.5 3.5
2241 7 5.5 4
2242 7 5.5 4.5
2243 7 5.5 5
2244 7 5.5 5.5
2245 7.5 5.5 0.5
2246 7.5 5.5 1
2247 7.5 5.5 1.5
2248 7.5 5.5 2
2249 7.5 5.5 2.5
2250 7.5 5.5 3
2251 7.5 5.5 3.5
2252 7.5 5.5 4
2253 7.5 5.5 4.5
2254 7.5 5.5 5
2255 7.5 5.5 5.5
2256 8 5.5 0.5
2257 8 5.5 1
2258 8 5.5 1.5
2259 8 5.5 2
2260 8 5.5 2.5
2261 8 5.5 3
2262 8 5.5 3.5
2263 8 5.5 4
2264 8 5.5 4.5
2265 8 5.5 5
2266 8 5.5 5.5
2267 8.5 5.5 0.5
2268 8.5 5.5 1
2269 8.5 5.5 1.5
2270 8.5 5.5 2
2271 8.5 5.5 2.5
2272 8.5 5.5 3
2273 8.5 5.5 3.5
2274 8.5 5.5 4
2275 8.5 5.5 4.5
2276 8.5 5.5 5
2277 8.5 5.5 5.5
2278 9 5.5 0.5
2279 9 5.5 1
2280 9 5.5 1.5
2281 9 5.5 2
2282 9 5.5 2.5
2283 9 5.5 3
2284 9 5.5 3.5
2285 9 5.5 4
2286 9 5.5 4.5
2287 9 5.5 5
2288 9 5.5 5.5
2289 9.5 5.5 0.5
2290 9.5 5.5 1
2291 9.5 5.5 1.5
2292 9.5 5.5 2
2293 9.5 5.5 2.5
2294 9.5 5.5 3
2295 9.5 5.5 3.5
2296 9.5 5.5 4
2297 9.5 5.5 4.5
2298 9.5 5.5 5
2299 9.5 5.5 5.5
2300 0.5 6 0.5
2301 0.5 6 1
2302 0.5 6 1.5
2303 0.5 6 2
2304 0.5 6 2.5
2305 0.5 6 3
2306 0.5 6 3.5
2307 0.5 6 4
2308 0.5 6 4.5
2309 0.5 6 5
2310 0.5 6 5.5
2311 1 6 0.5
2312 1 6 1
2313 1 6 1.5
2314 1 6 2
2315 1 6 2.5
2316 1 6 3
2317 1 6 3.5
2318 1 6 4
2319 1 6 4.5
2320 1 6 5
2321 1 6 5.5
2322 1.5 6 0.5
2323 1.5 6 1
2324 1.5 6 1.5
2325 1.5 6 2
2326 1.5 6 2.5
2327 1.5 6 3
2328 1.5 6 3.5
2329 1.5 6 4
2330 1.5 6 4.5
2331 1.5 6 5
2332 1.5 6 5.5
2333 2 6 0.5
2334 2 6 1
2335 2 6 1.5
2336 2 6 2
2337 2 6 2.5
2338 2 6 3
2339 2 6 3.5
2340 2 6 4
2341 2 6 4.5
2342 2 6 5
2343 2 6 5.5
2344 2.5 6 0.5
2345 2.5 6 1
2346 2.5 6 1.5
2347 2.5 6 2
2348 2.5 6 2.5
2349 2.5 6 3
2350 2.5 6 3.5
2351 2.5 6 4
2352 2.5 6 4.5
2353 2.5 6 5
2354 2.5 6 5.5
2355 3 6 0.5
2356 3 6 1
2357 3 6 1.5
2358 3 6 2
2359 3 6 2.5
2360 3 6 3
2361 3 6 3.5
2362 3 6 4
2363 3 6 4.5
2364 3 6 5
2365 3 6 5.5
2366 3.5 6 0.5
2367 3.5 6 1
2368 3.5 6 1.5
2369 3.5 6 2
2370 3.5 6 2.5
2371 3.5 6 3
2372 3.5 6 3.5
2373 3.5 6 4
2374 3.5 6 4.5
2375 3.5 6 5
2376 3.5 6 5.5
2377 4 6 0.5
2378 4 6 1
2379 4 6 1.5
2380 4 6 2
2381 4 6 2.5
2382 4 6 3
2383 4 6 3.5
2384 4 6 4
2385 4 6 4.5
2386 4 6 5
2387 4 6 5.5
2388 4.5 6 0.5
2389 4.5 6 1
2390 4.5 6 1.5
2391 4.5 6 2
2392 4.5 6 2.5
2393 4.5 6 3
2394 4.5 6 3.5
2395 4.5 6 4
2396 4.5 6 4.5
2397 4.5 6 5
2398 4.5 6 5.5
2399 5 6 0.5
2400 5 6 1
2401 5 6 1.5
2402 5 6 2
2403 5 6 2.5
2404 5 6 3
2405 5 6 3.5
2406 5 6 4
2407 5 6 4.5
2408 5 6 5
2409 5 6 5.5
2410 5.5 6 0.5
2411 5.5 6 1
2412 5.5 6 1.5
2413 5.5 6 2
2414 5.5 6 2.5
2415 5.5 6 3
2416 5.5 6 3.5
2417 5.5 6 4
2418 5.5 6 4.5
2419 5.5 6 5
2420 5.5 6 5.5
2421 6 6 0.5
2422 6 6 1
2423 6 6 1.5
2424 6 6 2
2425 6 6 2.5
2426 6 6 3
2427 6 6 3.5
2428 6 6 4
2429 6 6 4.5
2430 6 6 5
2431 6 6 5.5
2432 6.5 6 0.5
2433 6.5 6 1
2434 6.5 6 1.5
2435 6.5 6 2
2436 6.5 6 2.5
2437 6.5 6 3
2438 6.5 6 3.5
2439 6.5 6 4
2440 6.5 6 4.5
2441 6.5 6 5
2442 6.5 6 5.5
2443 7 6 0.5
2444 7 6 1
2445 7 6 1.5
2446 7 6 2
2447 7 6 2.5
2448 7 6 3
2449 7 6 3.5
2450 7 6 4
2451 7 6 4.5
2452 7 6 5
2453 7 6 5.5
2454 7.5 6 0.5
2455 7.5 6 1
2456 7.5 6 1.5
2457 7.5 6 2
2458 7.5 6 2.5
2459 7.5 6 3
2460 7.5 6 3.5
2461 7.5 6 4
2462 7.5 6 4.5
2463 7.5 6 5
2464 7.5 6 5.5
2465 8 6 0.5
2466 8 6 1
2467 8 6 1.5
2468 8 6 2
2469 8 6 2.5
2470 8 6 3
2471 8 6 3.5
2472 8 6 4
2473 8 6 4.5
2474 8 6 5
2475 8 6 5.5
2476 8.5 6 0.5
2477 8.5 6 1
2478 8.5 6 1.5
2479 8.5 6 2
2480 8.5 6 2.5
2481 8.5 6 3
2482 8.5 6 3.5
2483 8.5 6 4
2484 8.5 6 4.5
2485 8.5 6 5
2486 8.5 6 5.5
2487 9 6 0.5
2488 9 6 1
2489 9 6 1.5
2490 9 6 2
2491 9 6 2.5
2492 9 6 3
2493 9 6 3.5
2494 9 6 4
2495 9 6 4.5
2496 9 6 5
2497 9 6 5.5
2498 9.5 6 0.5
2499 9.5 6 1
2500 9.5 6 1.5
2501 9.5 6 2
2502 9.5 6 2.5
2503 9.5 6 3
2504 9.5 6 3.5
2505 9.5 6 4
2506 9.5 6 4.5
2507 9.5 6 5
2508 9.5 6 5.5
2509 0.5 6.5 0.5
2510 0.5 6.5 1
2511 0.5 6.5 1.5
2512 0.5 6.5 2
2513 0.5 6.5 2.5
2514 0.5 6.5 3
2515 0.5 6.5 3.5
2516 0.5 6.5 4
2517 0.5 6.5 4.5
2518 0.5 6.5 5
2519 0.5 6.5 5.5
2520 1 6.5 0.5
2521 1 6.5 1
2522 1 6.5 1.5
2523 1 6.5 2
2524 1 6.5 2.5
2525 1 6.5 3
2526 1 6.5 3.5
2527 1 6.5 4
2528 1 6.5 4.5
2529 1 6.5 5
2530 1 6.5 5.5
2531 1.5 6.5 0.5
2532 1.5 6.5 1
2533 1.5 6.5 1.5
2534 1.5 6.5 2
2535 1.5 6.5 2.5
2536 1.5 6.5 3
2537 1.5 6.5 3.5
2538 1.5 6.5 4
2539 1.5 6.5 4.5
2540 1.5 6.5 5
2541 1.5 6.5 5.5
2542 2 6.5 0.5
2543 2 6.5 1
2544 2 6.5 1.5
2545 2 6.5 2
2546 2 6.5 2.5
2547 2 6.5 3
2548 2 6.5 3.5
2549 2 6.5 4
2550 2 6.5 4.5
2551 2 6.5 5
2552 2 6.5 5.5
2553 2.5 6.5 0.5
2554 2.5 6.5 1
2555 2.5 6.5 1.5
2556 2.5 6.5 2
2557 2.5 6.5 2.5
2558 2.5 6.5 3
2559 2.5 6.5 3.5
2560 2.5 6.5 4
2561 2.5 6.5 4.5
2562 2.5 6.5 5
2563 2.5 6.5 5.5
2564 3 6.5 0.5
2565 3 6.5 1
2566 3 6.5 1.5
2567 3 6.5 2
2568 3 6.5 2.5
2569 3 6.5 3
2570 3 6.5 3.5
2571 3 6.5 4
2572 3 6.5 4.5
2573 3 6.5 5
2574 3 6.5 5.5
2575 3.5 6.5 0.5
2576 3.5 6.5 1
2577 3.5 6.5 1.5
2578 3.5 6.5 2
2579 3.5 6.5 2.5
2580 3.5 6.5 3
2581 3.5 6.5 3.5
2582 3.5 6.5 4
2583 3.5 6.5 4.5
2584 3.5 6.5 5
2585 3.5 6.5 5.5
2586 4 6.5 0.5
2587 4 6.5 1
2588 4 6.5 1.5
2589 4 6.5 2
2590 4 6.5 2.5
2591 4 6.5 3
2592 4 6.5 3.5
2593 4 6.5 4
2594 4 6.5 4.5
2595 4 6.5 5
2596 4 6.5 5.5
2597 4.5 6.5 0.5
2598 4.5 6.5 1
2599 4.5 6.5 1.5
2600 4.5 6.5 2
2601 4.5 6.5 2.5
2602 4.5 6.5 3
2603 4.5 6.5 3.5
2604 4.5 6.5 4
2605 4.5 6.5 4.5
2606 4.5 6.5 5
2607 4.5 6.5 5.5
2608 5 6.5 0.5
2609 5 6.5 1
2610 5 6.5 1.5
2611 5 6.5 2
2612 5 6.5 2.5
2613 5 6.5 3
2614 5 6.5 3.5
2615 5 6.5 4
2616 5 6.5 4.5
2617 5 6.5 5
2618 5 6.5 5.5
2619 5.5 6.5 0.5
2620 5.5 6.5 1
2621 5.5 6.5 1.5
2622 5.5 6.5 2
2623 5.5 6.5 2.5
2624 5.5 6.5 3
2625 5.5 6.5 3.5
2626 5.5 6.5 4
2627 5.5 6.5 4.5
2628 5.5 6.5 5
2629 5.5 6.5 5.5
2630 6 6.5 0.5
2631 6 6.5 1
2632 6 6.5 1.5
2633 6 6.5 2
2634 6 6.5 2.5
2635 6 6.5 3
2636 6 6.5 3.5
2637 6 6.5 4
2638 6 6.5 4.5
2639 6 6.5 5
2640 6 6.5 5.5
2641 6.5 6.5 0.5
2642 6.5 6.5 1
2643 6.5 6.5 1.5
2644 6.5 6.5 2
2645 6.5 6.5 2.5
2646 6.5 6.5 3
2647 6.5 6.5 3.5
2648 6.5 6.5 4
2649 6.5 6.5 4.5
2650 6.5 6.5 5
2651 6.5 6.5 5.5
2652 7 6.5 0.5
2653 7 6.5 1
2654 7 6.5 1.5
2655 7 6.5 2
2656 7 6.5 2.5
2657 7 6.5 3
2658 7 6.5 3.5
2659 7 6.5 4
2660 7 6.5 4.5
2661 7 6.5 5
2662 7 6.5 5.5
2663 7.5 6.5 0.5
2664 7.5 6.5 1
2665 7.5 6.5 1.5
2666 7.5 6.5 2
2667 7.5 6.5 2.5
2668 7.5 6.5 3
2669 7.5 6.5 3.5
2670 7.5 6.5 4
2671 7.5 6.5 4.5
2672 7.5 6.5 5
2673 7.5 6.5 5.5
2674 8 6.5 0.5
2675 8 6.5 1
2676 8 6.5 1.5
2677 8 6.5 2
2678 8 6.5 2.5
2679 8 6.5 3
2680 8 6.5 3.5
2681 8 6.5 4
2682 8 6.5 4.5
2683 8 6.5 5
2684 8 6.5 5.5
2685 8.5 6.5 0.5
2686 8.5 6.5 1
2687 8.5 6.5 1.5
2688 8.5 6.5 2
2689 8.5 6.5 2.5
2690 8.5 6.5 3
2691 8.5 6.5 3.5
2692 8.5 6.5 4
2693 8.5 6.5 4.5
2694 8.5 6.5 5
2695 8.5 6.5 5.5
2696 9 6.5 0.5
2697 9 6.5 1
2698 9 6.5 1.5
2699 9 6.5 2
2700 9 6.5 2.5
2701 9 6.5 3
2702 9 6.5 3.5
2703 9 6.5 4
2704 9 6.5 4.5
2705 9 6.5 5
2706 9 6.5 5.5
2707 9.5 6.5 0.5
2708 9.5 6.5 1
2709 9.5 6.5 1.5
2710 9.5 6.5 2
2711 9.5 6.5 2.5
2712 9.5 6.5 3
2713 9.5 6.5 3.5
2714 9.5 6.5 4
2715 9.5 6.5 4.5
2716 9.5 6.5 5
2717 9.5 6.5 5.5
2718 0.5 7 0.5
2719 0.5 7 1
2720 0.5 7 1.5
2721 0.5 7 2
2722 0.5 7 2.5
2723 0.5 7 3
2724 0.5 7 3.5
2725 0.5 7 4
2726 0.5 7 4.5
2727 0.5 7 5
2728 0.5 7 5.5
2729 1 7 0.5
2730 1 7 1
2731 1 7 1.5
2732 1 7 2
2733 1 7 2.5
2734 1 7 3
2735 1 7 3.5
2736 1 7 4
2737 1 7 4.5
2738 1 7 5
2739 1 7 5.5
2740 1.5 7 0.5
2741 1.5 7 1
2742 1.5 7 1.5
2743 1.5 7 2
2744 1.5 7 2.5
2745 1.5 7 3
2746 1.5 7 3.5
2747 1.5 7 4
2748 1.5 7 4.5
2749 1.5 7 5
2750 1.5 7 5.5
2751 2 7 0.5
2752 2 7 1
2753 2 7 1.5
2754 2 7 2
2755 2 7 2.5
2756 2 7 3
2757 2 7 3.5
2758 2 7 4
2759 2 7 4.5
2760 2 7 5
2761 2 7 5.5
2762 2.5 7 0.5
2763 2.5 7 1
2764 2.5 7 1.5
2765 2.5 7 2
2766 2.5 7 2.5
2767 2.5 7 3
2768 2.5 7 3.5
2769 2.5 7 4
2770 2.5 7 4.5
2771 2.5 7 5
2772 2.5 7 5.5
2773 3 7 0.5
2774 3 7 1
2775 3 7 1.5
2776 3 7 2
2777 3 7 2.5
2778 3 7 3
2779 3 7 3.5
2780 3 7 4
2781 3 7 4.5
2782 3 7 5
2783 3 7 5.5
2784 3.5 7 0.5
2785 3.5 7 1
2786 3.5 7 1.5
2787 3.5 7 2
2788 3.5 7 2.5
2789 3.5 7 3
2790 3.5 7 3.5
2791 3.5 7 4
2792 3.5 7 4.5
2793 3.5 7 5
2794 3.5 7 5.5
2795 4 7 0.5
2796 4 7 1
2797 4 7 1.5
2798 4 7 2
2799 4 7 2.5
2800 4 7 3
2801 4 7 3.5
2802 4 7 4
2803 4 7 4.5
2804 4 7 5
2805 4 7 5.5
2806 4.5 7 0.5
2807 4.5 7 1
2808 4.5 7 1.5
2809 4.5 7 2
2810 4.5 7 2.5
2811 4.5 7 3
2812 4.5 7 3.5
2813 4.5 7 4
2814 4.5 7 4.5
2815 4.5 7 5
2816 4.5 7 5.5
2817 5 7 0.5
2818 5 7 1
2819 5 7 1.5
2820 5 7 2
2821 5 7 2.5
2822 5 7 3
2823 5 7 3.5
2824 5 7 4
2825 5 7 4.5
2826 5 7 5
2827 5 7 5.5
2828 5.5 7 0.5
2829 5.5 7 1
2830 5.5 7 1.5
2831 5.5 7 2
2832 5.5 7 2.5
2833 5.5 7 3
2834 5.5 7 3.5
2835 5.5 7 4
2836 5.5 7 4.5
2837 5.5 7 5
2838 5.5 7 5.5
2839 6 7 0.5
2840 6 7 1
2841 6 7 1.5
2842 6 7 2
2843 6 7 2.5
2844 6 7 3
2845 6 7 3.5
2846 6 7 4
2847 6 7 4.5
2848 6 7 5
2849 6 7 5.5
2850 6.5 7 0.5
2851 6.5 7 1
2852 6.5 7 1.5
2853 6.5 7 2
2854 6.5 7 2.5
2855 6.5 7 3
2856 6.5 7 3.5
2857 6.5 7 4
2858 6.5 7 4.5
2859 6.5 7 5
2860 6.5 7 5.5
2861 7 7 0.5
2862 7 7 1
2863 7 7 1.5
2864 7 7 2
2865 7 7 2.5
2866 7 7 3
2867 7 7 3.5
2868 7 7 4
2869 7 7 4.5
2870 7 7 5
2871 7 7 5.5
2872 7.5 7 0.5
2873 7.5 7 1
2874 7.5 7 1.5
2875 7.5 7 2
2876 7.5 7 2.5
2877 7.5 7 3
2878 7.5 7 3.5
2879 7.5 7 4
2880 7.5 7 4.5
2881 7.5 7 5
2882 7.5 7 5.5
2883 8 7 0.5
2884 8 7 1
2885 8 7 1.5
2886 8 7 2
2887 8 7 2.5
2888 8 7 3
2889 8 7 3.5
2890 8 7 4
2891 8 7 4.5
2892 8 7 5
2893 8 7 5.5
2894 8.5 7 0.5
2895 8.5 7 1
2896 8.5 7 1.5
2897 8.5 7 2
2898 8.5 7 2.5
2899 8.5 7 3
2900 8.5 7 3.5
2901 8.5 7 4
2902 8.5 7 4.5
2903 8.5 7 5
2904 8.5 7 5.5
2905 9 7 0.5
2906 9 7 1
2907 9 7 1.5
2908 9 7 2
2909 9 7 2.5
2910 9 7 3
2911 9 7 3.5
2912 9 7 4
2913 9 7 4.5
2914 9 7 5
2915 9 7 5.5
2916 9.5 7 0.5
2917 9.5 7 1
2918 9.5 7 1.5
2919 9.5 7 2
2920 9.5 7 2.5
2921 9.5 7 3
2922 9.5 7 3.5
2923 9.5 7 4
2924 9.5 7 4.5
2925 9.5 7 5
2926 9.5 7 5.5
2927 0.5 7.5 0.5
2928 0.5 7.5 1
2929 0.5 7.5 1.5
2930 0.5 7.5 2
2931 0.5 7.5 2.5
2932 0.5 7.5 3
2933 0.5 7.5 3.5
2934 0.5 7.5 4
2935 0.5 7.5 4.5
2936 0.5 7.5 5
2937 0.5 7.5 5.5
2938 1 7.5 0.5
2939 1 7.5 1
2940 1 7.5 1.5
2941 1 7.5 2
2942 1 7.5 2.5
2943 1 7.5 3
2944 1 7.5 3.5
2945 1 7.5 4
2946 1 7.5 4.5
2947 1 7.5 5
2948 1 7.5 5.5
2949 1.5 7.5 0.5
2950 1.5 7.5 1
2951 1.5 7.5 1.5
2952 1.5 7.5 2
2953 1.5 7.5 2.5
2954 1.5 7.5 3
2955 1.5 7.5 3.5
2956 1.5 7.5 4
2957 1.5 7.5 4.5
2958 1.5 7.5 5
2959 1.5 7.5 5.5
2960 2 7.5 0.5
2961 2 7.5 1
2962 2 7.5 1.5
2963 2 7.5 2
2964 2 7.5 2.5
2965 2 7.5 3
2966 2 7.5 3.5
2967 2 7.5 4
2968 2 7.5 4.5
2969 2 7.5 5
2970 2 7.5 5.5
2971 2.5 7.5 0.5
2972 2.5 7.5 1
2973 2.5 7.5 1.5
2974 2.5 7.5 2
2975 2.5 7.5 2.5
2976 2.5 7.5 3
2977 2.5 7.5 3.5
2978 2.5 7.5 4
2979 2.5 7.5 4.5
2980 2.5 7.5 5
2981 2.5 7.5 5.5
2982 3 7.5 0.5
2983 3 7.5 1
2984 3 7.5 1.5
2985 3 7.5 2
2986 3 7.5 2.5
2987 3 7.5 3
2988 3 7.5 3.5
2989 3 7.5 4
2990 3 7.5 4.5
2991 3 7.5 5
2992 3 7.5 5.5
2993 3.5 7.5 0.5
2994 3.5 7.5 1
2995 3.5 7.5 1.5
2996 3.5 7.5 2
2997 3.5 7.5 2.5
2998 3.5 7.5 3
2999 3.5 7.5 3.5
3000 3.5 7.5 4
3001 3.5 7.5 4.5
3002 3.5 7.5 5
3003 3.5 7.5 5.5
3004 4 7.5 0.5
3005 4 7.5 1
3006 4 7.5 1.5
3007 4 7.5 2
3008 4 7.5 2.5
3009 4 7.5 3
3010 4 7.5 3.5
3011 4 7.5 4
3012 4 7.5 4.5
3013 4 7.5 5
3014 4 7.5 5.5
3015 4.5 7.5 0.5
3016 4.5 7.5 1
3017 4.5 7.5 1.5
3018 4.5 7.5 2
3019 4.5 7.5 2.5
3020 4.5 7.5 3
3021 4.5 7.5 3.5
3022 4.5 7.5 4
3023 4.5 7.5 4.5
3024 4.5 7.5 5
3025 4.5 7.5 5.5
3026 5 7.5 0.5
3027 5 7.5 1
3028 5 7.5 1.5
3029 5 7.5 2
3030 5 7.5 2.5
3031 5 7.5 3
3032 5 7.5 3.5
3033 5 7.5 4
3034 5 7.5 4.5
3035 5 7.5 5
3036 5 7.5 5.5
3037 5.5 7.5 0.5
3038 5.5 7.5 1
3039 5.5 7.5 1.5
3040 5.5 7.5 2
3041 5.5 7.5 2.5
3042 5.5 7.5 3
3043 5.5 7.5 3.5
3044 5.5 7.5 4
3045 5.5 7.5 4.5
3046 5.5 7.5 5
3047 5.5 7.5 5.5
3048 6 7.5 0.5
3049 6 7.5 1
3050 6 7.5 1.5
3051 6 7.5 2
3052 6 7.5 2.5
3053 6 7.5 3
3054 6 7.5 3.5
3055 6 7.5 4
3056 6 7.5 4.5
3057 6 7.5 5
3058 6 7.5 5.5
3059 6.5 7.5 0.5
3060 6.5 7.5 1
3061 6.5 7.5 1.5
3062 6.5 7.5 2
3063 6.5 7.5 2.5
3064 6.5 7.5 3
3065 6.5 7.5 3.5
3066 6.5 7.5 4
3067 6.5 7.5 4.5
3068 6.5 7.5 5
3069 6.5 7.5 5.5
3070 7 7.5 0.5
3071 7 7.5 1
3072 7 7.5 1.5
3073 7 7.5 2
3074 7 7.5 2.5
3075 7 7.5 3
3076 7 7.5 3.5
3077 7 7.5 4
3078 7 7.5 4.5
3079 7 7.5 5
3080 7 7.5 5.5
3081 7.5 7.5 0.5
3082 7.5 7.5 1
3083 7.5 7.5 1.5
3084 7.5 7.5 2
3085 7.5 7.5 2.5
3086 7.5 7.5 3
3087 7.5 7.5 3.5
3088 7.5 7.5 4
3089 7.5 7.5 4.5
3090 7.5 7.5 5
3091 7.5 7.5 5.5
3092 8 7.5 0.5
3093 8 7.5 1
3094 8 7.5 1.5
3095 8 7.5 2
3096 8 7.5 2.5
3097 8 7.5 3
3098 8 7.5 3.5
3099 8 7.5 4
3100 8 7.5 4.5
3101 8 7.5 5
3102 8 7.5 5.5
3103 8.5 7.5 0.5
3104 8.5 7.5 1
3105 8.5 7.5 1.5
3106 8.5 7.5 2
3107 8.5 7.5 2.5
3108 8.5 7.5 3
3109 8.5 7.5 3.5
3110 8.5 7.5 4
3111 8.5 7.5 4.5
3112 8.5 7.5 5
3113 8.5 7.5 5.5
3114 9 7.5 0.5
3115 9 7.5 1
3116 9 7.5 1.5
3117 9 7.5 2
3118 9 7.5 2.5
3119 9 7.5 3
3120 9 7.5 3.5
3121 9 7.5 4
3122 9 7.5 4.5
3123 9 7.5 5
3124 9 7.5 5.5
3125 9.5 7.5 0.5
3126 9.5 7.5 1
3127 9.5 7.5 1.5
3128 9.5 7.5 2
3129 9.5 7.5 2.5
3130 9.5 7.5 3
3131 9.5 7.5 3.5
3132 9.5 7.5 4
3133 9.5 7.5 4.5
3134 9.5 7.5 5
3135 9.5 7.5 5.5
3136 0.5 8 0.5
3137 0.5 8 1
3138 0.5 8 1.5
3139 0.5 8 2
3140 0.5 8 2.5
3141 0.5 8 3
3142 0.5 8 3.5
3143 0.5 8 4
3144 0.5 8 4.5
3145 0.5 8 5
3146 0.5 8 5.5
3147 1 8 0.5
3148 1 8 1
3149 1 8 1.5
3150 1 8 2
3151 1 8 2.5
3152 1 8 3
3153 1 8 3.5
3154 1 8 4
3155 1 8 4.5
3156 1 8 5
3157 1 8 5.5
3158 1.5 8 0.5
3159 1.5 8 1
3160 1.5 8 1.5
3161 1.5 8 2
3162 1.5 8 2.5
3163 1.5 8 3
3164 1.5 8 3.5
3165 1.5 8 4
3166 1.5 8 4.5
3167 1.5 8 5
3168 1.5 8 5.5
3169 2 8 0.5
3170 2 8 1
3171 2 8 1.5
3172 2 8 2
3173 2 8 2.5
3174 2 8 3
3175 2 8 3.5
3176 2 8 4
3177 2 8 4.5
3178 2 8 5
3179 2 8 5.5
3180 2.5 8 0.5
3181 2.5 8 1
3182 2.5 8 1.5
3183 2.5 8 2
3184 2.5 8 2.5
3185 2.5 8 3
3186 2.5 8 3.5
3187 2.5 8 4
3188 2.5 8 4.5
3189 2.5 8 5
3190 2.5 8 5.5
3191 3 8 0.5
3192 3 8 1
3193 3 8 1.5
3194 3 8 2
3195 3 8 2.5
3196 3 8 3
3197 3 8 3.5
3198 3 8 4
3199 3 8 4.5
3200 3 8 5
3201 3 8 5.5
3202 3.5 8 0.5
3203 3.5 8 1
3204 3.5 8 1.5
3205 3.5 8 2
3206 3.5 8 2.5
3207 3.5 8 3
3208 3.5 8 3.5
3209 3.5 8 4
3210 3.5 8 4.5
3211 3.5 8 5
3212 3.5 8 5.5
3213 4 8 0.5
3214 4 8 1
3215 4 8 1.5
3216 4 8 2
3217 4 8 2.5
3218 4 8 3
3219 4 8 3.5
3220 4 8 4
3221 4 8 4.5
3222 4 8 5
3223 4 8 5.5
3224 4.5 8 0.5
3225 4.5 8 1
3226 4.5 8 1.5
3227 4.5 8 2
3228 4.5 8 2.5
3229 4.5 8 3
3230 4.5 8 3.5
3231 4.5 8 4
3232 4.5 8 4.5
3233 4.5 8 5
3234 4.5 8 5.5
3235 5 8 0.5
3236 5 8 1
3237 5 8 1.5
3238 5 8 2
3239 5 8 2.5
3240 5 8 3
3241 5 8 3.5
3242 5 8 4
3243 5 8 4.5
3244 5 8 5
3245 5 8 5.5
3246 5.5 8 0.5
3247 5.5 8 1
3248 5.5 8 1.5
3249 5.5 8 2
3250 5.5 8 2.5
3251 5.5 8 3
3252 5.5 8 3.5
3253 5.5 8 4
3254 5.5 8 4.5
3255 5.5 8 5
3256 5.5 8 5.5
3257 6 8 0.5
3258 6 8 1
3259 6 8 1.5
3260 6 8 2
3261 6 8 2.5
3262 6 8 3
3263 6 8 3.5
3264 6 8 4
3265 6 8 4.5
3266 6 8 5
3267 6 8 5.5
3268 6.5 8 0.5
3269 6.5 8 1
3270 6.5 8 1.5
3271 6.5 8 2
3272 6.5 8 2.5
3273 6.5 8 3
3274 6.5 8 3.5
3275 6.5 8 4
3276 6.5 8 4.5
3277 6.5 8 5
3278 6.5 8 5.5
3279 7 8 0.5
3280 7 8 1
3281 7 8 1.5
3282 7 8 2
3283 7 8 2.5
3284 7 8 3
3285 7 8 3.5
3286 7 8 4
3287 7 8 4.5
3288 7 8 5
3289 7 8 5.5
3290 7.5 8 0.5
3291 7.5 8 1
3292 7.5 8 1.5
3293 7.5 8 2
3294 7.5 8 2.5
3295 7.5 8 3
3296 7.5 8 3.5
3297 7.5 8 4
3298 7.5 8 4.5
3299 7.5 8 5
3300 7.5 8 5.5
3301 8 8 0.5
3302 8 8 1
3303 8 8 1.5
3304 8 8 2
3305 8 8 2.5
3306 8 8 3
3307 8 8 3.5
3308 8 8 4
3309 8 8 4.5
3310 8 8 5
3311 8 8 5.5
3312 8.5 8 0.5
3313 8.5 8 1
3314 8.5 8 1.5
3315 8.5 8 2
3316 8.5 8 2.5
3317 8.5 8 3
3318 8.5 8 3.5
3319 8.5 8 4
3320 8.5 8 4.5
3321 8.5 8 5
3322 8.5 8 5.5
3323 9 8 0.5
3324 9 8 1
3325 9 8 1.5
3326 9 8 2
3327 9 8 2.5
3328 9 8 3
3329 9 8 3.5
3330 9 8 4
3331 9 8 4.5
3332 9 8 5
3333 9 8 5.5
3334 9.5 8 0.5
3335 9.5 8 1
3336 9.5 8 1.5
3337 9.5 8 2
3338 9.5 8 2.5
3339 9.5 8 3
3340 9.5 8 3.5
3341 9.5 8 4
3342 9.5 8 4.5
3343 9.5 8 5
3344 9.5 8 5.5
3345 0.5 8.5 0.5
3346 0.5 8.5 1
3347 0.5 8.5 1.5
3348 0.5 8.5 2
3349 0.5 8.5 2.5
3350 0.5 8.5 3
3351 0.5 8.5 3.5
3352 0.5 8.5 4
3353 0.5 8.5 4.5
3354 0.5 8.5 5
3355 0.5 8.5 5.5
3356 1 8.5 0.5
3357 1 8.5 1
3358 1 8.5 1.5
3359 1 8.5 2
3360 1 8.5 2.5
3361 1 8.5 3
3362 1 8.5 3.5
3363 1 8.5 4
3364 1 8.5 4.5
3365 1 8.5 5
3366 1 8.5 5.5
3367 1.5 8.5 0.5
3368 1.5 8.5 1
3369 1.5 8.5 1.5
3370 1.5 8.5 2
3371 1.5 8.5 2.5
3372 1.5 8.5 3
3373 1.5 8.5 3.5
3374 1.5 8.5 4
3375 1.5 8.5 4.5
3376 1.5 8.5 5
3377 1.5 8.5 5.5
3378 2 8.5 0.5
3379 2 8.5 1
3380 2 8.5 1.5
3381 2 8.5 2
3382 2 8.5 2.5
3383 2 8.5 3
3384 2 8.5 3.5
3385 2 8.5 4
3386 2 8.5 4.5
3387 2 8.5 5
3388 2 8.5 5.5
3389 2.5 8.5 0.5
3390 2.5 8.5 1
3391 2.5 8.5 1.5
3392 2.5 8.5 2
3393 2.5 8.5 2.5
3394 2.5 8.5 3
3395 2.5 8.5 3.5
3396 2.5 8.5 4
3397 2.5 8.5 4.5
3398 2.5 8.5 5
3399 2.5 8.5 5.5
3400 3 8.5 0.5
3401 3 8.5 1
3402 3 8.5 1.5
3403 3 8.5 2
3404 3 8.5 2.5
3405 3 8.5 3
3406 3 8.5 3.5
3407 3 8.5 4
3408 3 8.5 4.5
3409 3 8.5 5
3410 3 8.5 5.5
3411 3.5 8.5 0.5
3412 3.5 8.5 1
3413 3.5 8.5 1.5
3414 3.5 8.5 2
3415 3.5 8.5 2.5
3416 3.5 8.5 3
3417 3.5 8.5 3.5
3418 3.5 8.5 4
3419 3.5 8.5 4.5
3420 3.5 8.5 5
3421 3.5 8.5 5.5
3422 4 8.5 0.5
3423 4 8.5 1
3424 4 8.5 1.5
3425 4 8.5 2
3426 4 8.5 2.5
3427 4 8.5 3
3428 4 8.5 3.5
3429 4 8.5 4
3430 4 8.5 4.5
3431 4 8.5 5
3432 4 8.5 5.5
3433 4.5 8.5 0.5
3434 4.5 8.5 1
3435 4.5 8.5 1.5
3436 4.5 8.5 2
3437 4.5 8.5 2.5
3438 4.5 8.5 3
3439 4.5 8.5 3.5
3440 4.5 8.5 4
3441 4.5 8.5 4.5
3442 4.5 8.5 5
3443 4.5 8.5 5.5
3444 5 8.5 0.5
3445 5 8.5 1
3446 5 8.5 1.5
3447 5 8.5 2
3448 5 8.5 2.5
3449 5 8.5 3
3450 5 8.5 3.5
3451 5 8.5 4
3452 5 8.5 4.5
3453 5 8.5 5
3454 5 8.5 5.5
3455 5.5 8.5 0.5
3456 5.5 8.5 1
3457 5.5 8.5 1.5
3458 5.5 8.5 2
3459 5.5 8.5 2.5
3460 5.5 8.5 3
3461 5.5 8.5 3.5
3462 5.5 8.5 4
3463 5.5 8.5 4.5
3464 5.5 8.5 5
3465 5.5 8.5 5.5
3466 6 8.5 0.5
3467 6 8.5 1
3468 6 8.5 1.5
3469 6 8.5 2
3470 6 8.5 2.5
3471 6 8.5 3
3472 6 8.5 3.5
3473 6 8.5 4
3474 6 8.5 4.5
3475 6 8.5 5
3476 6 8.5 5.5
3477 6.5 8.5 0.5
3478 6.5 8.5 1
3479 6.5 8.5 1.5
3480 6.5 8.5 2
3481 6.5 8.5 2.5
3482 6.5 8.5 3
3483 6.5 8.5 3.5
3484 6.5 8.5 4
3485 6.5 8.5 4.5
3486 6.5 8.5 5
3487 6.5 8.5 5.5
3488 7 8.5 0.5
3489 7 8.5 1
3490 7 8.5 1.5
3491 7 8.5 2
3492 7 8.5 2.5
3493 7 8.5 3
3494 7 8.5 3.5
3495 7 8.5 4
3496 7 8.5 4.5
3497 7 8.5 5
3498 7 8.5 5.5
3499 7.5 8.5 0.5
3500 7.5 8.5 1
3501 7.5 8.5 1.5
3502 7.5 8.5 2
3503 7.5 8.5 2.5
3504 7.5 8.5 3
3505 7.5 8.5 3.5
3506 7.5 8.5 4
3507 7.5 8.5 4.5
3508 7.5 8.5 5
3509 7.5 8.5 5.5
3510 8 8.5 0.5
3511 8 8.5 1
3512 8 8.5 1.5
3513 8 8.5 2
3514 8 8.5 2.5
3515 8 8.5 3
3516 8 8.5 3.5
3517 8 8.5 4
3518 8 8.5 4.5
3519 8 8.5 5
3520 8 8.5 5.5
3521 8.5 8.5 0.5
3522 8.5 8.5 1
3523 8.5 8.5 1.5
3524 8.5 8.5 2
3525 8.5 8.5 2.5
3526 8.5 8.5 3
3527 8.5 8.5 3.5
3528 8.5 8.5 4
3529 8.5 8.5 4.5
3530 8.5 8.5 5
3531 8.5 8.5 5.5
3532 9 8.5 0.5
3533 9 8.5 1
3534 9 8.5 1.5
3535 9 8.5 2
3536 9 8.5 2.5
3537 9 8.5 3
3538 9 8.5 3.5
3539 9 8.5 4
3540 9 8.5 4.5
3541 9 8.5 5
3542 9 8.5 5.5
3543 9.5 8.5 0.5
3544 9.5 8.5 1
3545 9.5 8.5 1.5
3546 9.5 8.5 2
3547 9.5 8.5 2.5
3548 9.5 8.5 3
3549 9.5 8.5 3.5
3550 9.5 8.5 4
3551 9.5 8.5 4.5
3552 9.5 8.5 5
3553 9.5 8.5 5.5
3554 0.5 9 0.5
3555 0.5 9 1
3556 0.5 9 1.5
3557 0.5 9 2
3558 0.5 9 2.5
3559 0.5 9 3
3560 0.5 9 3.5
3561 0.5 9 4
3562 0.5 9 4.5
3563 0.5 9 5
3564 0.5 9 5.5
3565 1 9 0.5
3566 1 9 1
3567 1 9 1.5
3568 1 9 2
3569 1 9 2.5
3570 1 9 3
3571 1 9 3.5
3572 1 9 4
3573 1 9 4.5
3574 1 9 5
3575 1 9 5.5
3576 1.5 9 0.5
3577 1.5 9 1
3578 1.5 9 1.5
3579 1.5 9 2
3580 1.5 9 2.5
3581 1.5 9 3
3582 1.5 9 3.5
3583 1.5 9 4
3584 1.5 9 4.5
3585 1.5 9 5
3586 1.5 9 5.5
3587 2 9 0.5
3588 2 9 1
3589 2 9 1.5
3590 2 9 2
3591 2 9 2.5
3592 2 9 3
3593 2 9 3.5
3594 2 9 4
3595 2 9 4.5
3596 2 9 5
3597 2 9 5.5
3598 2.5 9 0.5
3599 2.5 9 1
3600 2.5 9 1.5
3601 2.5 9 2
3602 2.5 9 2.5
3603 2.5 9 3
3604 2.5 9 3.5
3605 2.5 9 4
3606 2.5 9 4.5
3607 2.5 9 5
3608 2.5 9 5.5
3609 3 9 0.5
3610 3 9 1
3611 3 9 1.5
3612 3 9 2
3613 3 9 2.5
3614 3 9 3
3615 3 9 3.5
3616 3 9 4
3617 3 9 4.5
3618 3 9 5
3619 3 9 5.5
3620 3.5 9 0.5
3621 3.5 9 1
3622 3.5 9 1.5
3623 3.5 9 2
3624 3.5 9 2.5
3625 3.5 9 3
3626 3.5 9 3.5
3627 3.5 9 4
3628 3.5 9 4.5
3629 3.5 9 5
3630 3.5 9 5.5
3631 4 9 0.5
3632 4 9 1
3633 4 9 1.5
3634 4 9 2
3635 4 9 2.5
3636 4 9 3
3637 4 9 3.5
3638 4 9 4
3639 4 9 4.5
3640 4 9 5
3641 4 9 5.5
3642 4.5 9 0.5
3643 4.5 9 1
3644 4.5 9 1.5
3645 4.5 9 2
3646 4.5 9 2.5
3647 4.5 9 3
3648 4.5 9 3.5
3649 4.5 9 4
3650 4.5 9 4.5
3651 4.5 9 5
3652 4.5 9 5.5
3653 5 9 0.5
3654 5 9 1
3655 5 9 1.5
3656 5 9 2
3657 5 9 2.5
3658 5 9 3
3659 5 9 3.5
3660 5 9 4
3661 5 9 4.5
3662 5 9 5
3663 5 9 5.5
3664 5.5 9 0.5
3665 5.5 9 1
3666 5.5 9 1.5
3667 5.5 9 2
3668 5.5 9 2.5
3669 5.5 9 3
3670 5.5 9 3.5
3671 5.5 9 4
3672 5.5 9 4.5
3673 5.5 9 5
3674 5.5 9 5.5
3675 6 9 0.5
3676 6 9 1
3677 6 9 1.5
3678 6 9 2
3679 6 9 2.5
3680 6 9 3
3681 6 9 3.5
3682 6 9 4
3683 6 9 4.5
3684 6 9 5
3685 6 9 5.5
3686 6.5 9 0.5
3687 6.5 9 1
3688 6.5 9 1.5
3689 6.5 9 2
3690 6.5 9 2.5
3691 6.5 9 3
3692 6.5 9 3.5
3693 6.5 9 4
3694 6.5 9 4.5
3695 6.5 9 5
3696 6.5 9 5.5
3697 7 9 0.5
3698 7 9 1
3699 7 9 1.5
3700 7 9 2
3701 7 9 2.5
3702 7 9 3
3703 7 9 3.5
3704 7 9 4
3705 7 9 4.5
3706 7 9 5
3707 7 9 5.5
3708 7.5 9 0.5
3709 7.5 9 1
3710 7.5 9 1.5
3711 7.5 9 2
3712 7.5 9 2.5
3713 7.5 9 3
3714 7.5 9 3.5
3715 7.5 9 4
3716 7.5 9 4.5
3717 7.5 9 5
3718 7.5 9 5.5
3719 8 9 0.5
3720 8 9 1
3721 8 9 1.5
3722 8 9 2
3723 8 9 2.5
3724 8 9 3
3725 8 9 3.5
3726 8 9 4
3727 8 9 4.5
3728 8 9 5
3729 8 9 5.5
3730 8.5 9 0.5
3731 8.5 9 1
3732 8.5 9 1.5
3733 8.5 9 2
3734 8.5 9 2.5
3735 8.5 9 3
3736 8.5 9 3.5
3737 8.5 9 4
3738 8.5 9 4.5
3739 8.5 9 5
3740 8.5 9 5.5
3741 9 9 0.5
3742 9 9 1
3743 9 9 1.5
3744 9 9 2
3745 9 9 2.5
3746 9 9 3
3747 9 9 3.5
3748 9 9 4
3749 9 9 4.5
3750 9 9 5
3751 9 9 5.5
3752 9.5 9 0.5
3753 9.5 9 1
3754 9.5 9 1.5
3755 9.5 9 2
3756 9.5 9 2.5
3757 9.5 9 3
3758 9.5 9 3.5
3759 9.5 9 4
3760 9.5 9 4.5
3761 9.5 9 5
3762 9.5 9 5.5
3763 0.5 9.5 0.5
3764 0.5 9.5 1
3765 0.5 9.5 1.5
3766 0.5 9.5 2
3767 0.5 9.5 2.5
3768 0.5 9.5 3
3769 0.5 9.5 3.5
3770 0.5 9.5 4
3771 0.5 9.5 4.5
3772 0.5 9.5 5
3773 0.5 9.5 5.5
3774 1 9.5 0.5
3775 1 9.5 1
3776 1 9.5 1.5
3777 1 9.5 2
3778 1 9.5 2.5
3779 1 9.5 3
3780 1 9.5 3.5
3781 1 9.5 4
3782 1 9.5 4.5
3783 1 9.5 5
3784 1 9.5 5.5
3785 1.5 9.5 0.5
3786 1.5 9.5 1
3787 1.5 9.5 1.5
3788 1.5 9.5 2
3789 1.5 9.5 2.5
3790 1.5 9.5 3
3791 1.5 9.5 3.5
3792 1.5 9.5 4
3793 1.5 9.5 4.5
3794 1.5 9.5 5
3795 1.5 9.5 5.5
3796 2 9.5 0.5
3797 2 9.5 1
3798 2 9.5 1.5
3799 2 9.5 2
3800 2 9.5 2.5
3801 2 9.5 3
3802 2 9.5 3.5
3803 2 9.5 4
3804 2 9.5 4.5
3805 2 9.5 5
3806 2 9.5 5.5
3807 2.5 9.5 0.5
3808 2.5 9.5 1
3809 2.5 9.5 1.5
3810 2.5 9.5 2
3811 2.5 9.5 2.5
3812 2.5 9.5 3
3813 2.5 9.5 3.5
3814 2.5 9.5 4
3815 2.5 9.5 4.5
3816 2.5 9.5 5
3817 2.5 9.5 5.5
3818 3 9.5 0.5
3819 3 9.5 1
3820 3 9.5 1.5
3821 3 9.5 2
3822 3 9.5 2.5
3823 3 9.5 3
3824 3 9.5 3.5
3825 3 9.5 4
3826 3 9.5 4.5
3827 3 9.5 5
3828 3 9.5 5.5
3829 3.5 9.5 0.5
3830 3.5 9.5 1
3831 3.5 9.5 1.5
3832 3.5 9.5 2
3833 3.5 9.5 2.5
3834 3.5 9.5 3
3835 3.5 9.5 3.5
3836 3.5 9.5 4
3837 3.5 9.5 4.5
3838 3.5 9.5 5
3839 3.5 9.5 5.5
3840 4 9.5 0.5
3841 4 9.5 1
3842 4 9.5 1.5
3843 4 9.5 2
3844 4 9.5 2.5
3845 4 9.5 3
3846 4 9.5 3.5
3847 4 9.5 4
3848 4 9.5 4.5
3849 4 9.5 5
3850 4 9.5 5.5
3851 4.5 9.5 0.5
3852 4.5 9.5 1
3853 4.5 9.5 1.5
3854 4.5 9.5 2
3855 4.5 9.5 2.5
3856 4.5 9.5 3
3857 4.5 9.5 3.5
3858 4.5 9.5 4
3859 4.5 9.5 4.5
3860 4.5 9.5 5
3861 4.5 9.5 5.5
3862 5 9.5 0.5
3863 5 9.5 1
3864 5 9.5 1.5
3865 5 9.5 2
3866 5 9.5 2.5
3867 5 9.5 3
3868 5 9.5 3.5
3869 5 9.5 4
3870 5 9.5 4.5
3871 5 9.5 5
3872 5 9.5 5.5
3873 5.5 9.5 0.5
3874 5.5 9.5 1
3875 5.5 9.5 1.5
3876 5.5 9.5 2
3877 5.5 9.5 2.5
3878 5.5 9.5 3
3879 5.5 9.5 3.5
3880 5.5 9.5 4
3881 5.5 9.5 4.5
3882 5.5 9.5 5
3883 5.5 9.5 5.5
3884 6 9.5 0.5
3885 6 9.5 1
3886 6 9.5 1.5
3887 6 9.5 2
3888 6 9.5 2.5
3889 6 9.5 3
3890 6 9.5 3.5
3891 6 9.5 4
3892 6 9.5 4.5
3893 6 9.5 5
3894 6 9.5 5.5
3895 6.5 9.5 0.5
3896 6.5 9.5 1
3897 6.5 9.5 1.5
3898 6.5 9.5 2
3899 6.5 9.5 2.5
3900 6.5 9.5 3
3901 6.5 9.5 3.5
3902 6.5 9.5 4
3903 6.5 9.5 4.5
3904 6.5 9.5 5
3905 6.5 9.5 5.5
3906 7 9.5 0.5
3907 7 9.5 1
3908 7 9.5 1.5
3909 7 9.5 2
3910 7 9.5 2.5
3911 7 9.5 3
3912 7 9.5 3.5
3913 7 9.5 4
3914 7 9.5 4.5
3915 7 9.5 5
3916 7 9.5 5.5
3917 7.5 9.5 0.5
3918 7.5 9.5 1
3919 7.5 9.5 1.5
3920 7.5 9.5 2
3921 7.5 9.5 2.5
3922 7.5 9.5 3
3923 7.5 9.5 3.5
3924 7.5 9.5 4
3925 7.5 9.5 4.5
3926 7.5 9.5 5
3927 7.5 9.5 5.5
3928 8 9.5 0.5
3929 8 9.5 1
3930 8 9.5 1.5
3931 8 9.5 2
3932 8 9.5 2.5
3933 8 9.5 3
3934 8 9.5 3.5
3935 8 9.5 4
3936 8 9.5 4.5
3937 8 9.5 5
3938 8 9.5 5.5
3939 8.5 9.5 0.5
3940 8.5 9.5 1
3941 8.5 9.5 1.5
3942 8.5 9.5 2
3943 8.5 9.5 2.5
3944 8.5 9.5 3
3945 8.5 9.5 3.5
3946 8.5 9.5 4
3947 8.5 9.5 4.5
3948 8.5 9.5 5
3949 8.5 9.5 5.5
3950 9 9.5 0.5
3951 9 9.5 1
3952 9 9.5 1.5
3953 9 9.5 2
3954 9 9.5 2.5
3955 9 9.5 3
3956 9 9.5 3.5
3957 9 9.5 4
3958 9 9.5 4.5
3959 9 9.5 5
3960 9 9.5 5.5
3961 9.5 9.5 0.5
3962 9.5 9.5 1
3963 9.5 9.5 1.5
3964 9.5 9.5 2
3965 9.5 9.5 2.5
3966 9.5 9.5 3
3967 9.5 9.5 3.5
3968 9.5 9.5 4
3969 9.5 9.5 4.5
3970 9.5 9.5 5
3971 9.5 9.5 5.5
