3971
1 0.5 0.5 0.5
2 0.5 0.5 1
3 0.5 0.5 1.5
4 0.5 0.5 2
5 0.5 0.5 2.5
6 0.5 0.5 0
7 0.5 0.5 3.5
8 0.5 0.5 4
9 0.5 0.5 4.5
10 0.5 0.5 5
11 0.5 0.5 5.5
12 1 0.5 0.5
13 1 0.5 1
14 1 0.5 1.5
15 1 0.5 2
16 1 0.5 2.5
17 1 0.5 0
18 1 0.5 3.5
19 1 0.5 4
20 1 0.5 4.5
21 1 0.5 5
22 1 0.5 5.5
23 1.5 0.5 0.5
24 1.5 0.5 1
25 1.5 0.5 1.5
26 1.5 0.5 2
27 1.5 0.5 2.5
28 1.5 0.5 0
29 1.5 0.5 3.5
30 1.5 0.5 4
31 1.5 0.5 4.5
32 1.5 0.5 5
33 1.5 0.5 5.5
34 2 0.5 0.5
35 2 0.5 1
36 2 0.5 1.5
37 2 0.5 2
38 2 0.5 2.5
39 2 0.5 0
40 2 0.5 3.5
41 2 0.5 4
42 2 0.5 4.5
43 2 0.5 5
44 2 0.5 5.5
45 2.5 0.5 0.5
46 2.5 0.5 1
47 2.5 0.5 1.5
48 2.5 0.5 2
49 2.5 0.5 2.5
50 2.5 0.5 0
51 2.5 0.5 3.5
52 2.5 0.5 4
53 2.5 0.5 4.5
54 2.5 0.5 5
55 2.5 0.5 5.5
56 3 0.5 0.5
57 3 0.5 1
58 3 0.5 1.5
59 3 0.5 2
60 3 0.5 2.5
61 3 0.5 0
62 3 0.5 3.5
63 3 0.5 4
64 3 0.5 4.5
65 3 0.5 5
66 3 0.5 5.5
67 0 0 0.5
68 0 0 1
69 0 0 1.5
70 0 0 2
71 0 0 2.5
72 0 0 0
73 0 0 3.5
74 0 0 4
75 0 0 4.5
76 0 0 5
77 0 0 5.5
78 0 0 0.5
79 0 0 1
80 0 0 1.5
81 0 0 2
82 0 0 2.5
83 0 0 0
84 0 0 3.5
85 0 0 4
86 0 0 4.5
87 0 0 5
88 0 0 5.5
89 0 0 0.5
90 0 0 1
91 0 0 1.5
92 0 0 2
93 0 0 2.5
94 0 0 0
95 0 0 3.5
96 0 0 4
97 0 0 4.5
98 0 0 5
99 0 0 5.5
100 5 0.5 0.5
101 5 0.5 1
102 5 0.5 1.5
103 5 0.5 2
104 5 0.5 2.5
105 5 0.5 0
106 5 0.5 3.5
107 5 0.5 4
108 5 0.5 4.5
109 5 0.5 5
110 5 0.5 5.5
111 5.5 0.5 0.5
112 5.5 0.5 1
113 5.5 0.5 1.5
114 5.5 0.5 2
115 5.5 0.5 2.5
116 5.5 0.5 0
117 5.5 0.5 3.5
118 5.5 0.5 4
119 5.5 0.5 4.5
120 5.5 0.5 5
121 5.5 0.5 5.5
122 6 0.5 0.5
123 6 0.5 1
124 6 0.5 1.5
125 6 0.5 2
126 6 0.5 2.5
127 6 0.5 0
128 6 0.5 3.5
129 6 0.5 4
130 6 0.5 4.5
131 6 0.5 5
132 6 0.5 5.5
133 6.5 0.5 0.5
134 6.5 0.5 1
135 6.5 0.5 1.5
136 6.5 0.5 2
137 6.5 0.5 2.5
138 6.5 0.5 0
139 6.5 0.5 3.5
140 6.5 0.5 4
141 6.5 0.5 4.5
142 6.5 0.5 5
143 6.5 0.5 5.5
144 7 0.5 0.5
145 7 0.5 1
146 7 0.5 1.5
147 7 0.5 2
148 7 0.5 2.5
149 7 0.5 0
150 7 0.5 3.5
151 7 0.5 4
152 7 0.5 4.5
153 7 0.5 5
154 7 0.5 5.5
155 7.5 0.5 0.5
156 7.5 0.5 1
157 7.5 0.5 1.5
158 7.5 0.5 2
159 7.5 0.5 2.5
160 7.5 0.5 0
161 7.5 0.5 3.5
162 7.5 0.5 4
163 7.5 0.5 4.5
164 7.5 0.5 5
165 7.5 0.5 5.5
166 8 0.5 0.5
167 8 0.5 1
168 8 0.5 1.5
169 8 0.5 2
170 8 0.5 2.5
171 8 0.5 0
172 8 0.5 3.5
173 8 0.5 4
174 8 0.5 4.5
175 8 0.5 5
176 8 0.5 5.5
177 8.5 0.5 0.5
178 8.5 0.5 1
179 8.5 0.5 1.5
180 8.5 0.5 2
181 8.5 0.5 2.5
182 8.5 0.5 0
183 8.5 0.5 3.5
184 8.5 0.5 4
185 8.5 0.5 4.5
186 8.5 0.5 5
187 8.5 0.5 5.5
188 9 0.5 0.5
189 9 0.5 1
190 9 0.5 1.5
191 9 0.5 2
192 9 0.5 2.5
193 9 0.5 0
194 9 0.5 3.5
195 9 0.5 4
196 9 0.5 4.5
197 9 0.5 5
198 9 0.5 5.5
199 9.5 0.5 0.5
200 9.5 0.5 1
201 9.5 0.5 1.5
202 9.5 0.5 2
203 9.5 0.5 2.5
204 9.5 0.5 0
205 9.5 0.5 3.5
206 9.5 0.5 4
207 9.5 0.5 4.5
208 9.5 0.5 5
209 9.5 0.5 5.5
210 0.5 1 0.5
211 0.5 1 1
212 0.5 1 1.5
213 0.5 1 2
214 0.5 1 2.5
215 0.5 1 0
216 0.5 1 3.5
217 0.5 1 4
218 0.5 1 4.5
219 0.5 1 5
220 0.5 1 5.5
221 1 1 0.5
222 1 1 1
223 1 1 1.5
224 1 1 2
225 1 1 2.5
226 1 1 0
227 1 1 3.5
228 1 1 4
229 1 1 4.5
230 1 1 5
231 1 1 5.5
232 1.5 1 0.5
233 1.5 1 1
234 1.5 1 1.5
235 1.5 1 2
236 1.5 1 2.5
237 1.5 1 0
238 1.5 1 3.5
239 1.5 1 4
240 1.5 1 4.5
241 1.5 1 5
242 1.5 1 5.5
243 2 1 0.5
244 2 1 1
245 2 1 1.5
246 2 1 2
247 2 1 2.5
248 2 1 0
249 2 1 3.5
250 2 1 4
251 2 1 4.5
252 2 1 5
253 2 1 5.5
254 2.5 1 0.5
255 2.5 1 1
256 2.5 1 1.5
257 2.5 1 2
258 2.5 1 2.5
259 2.5 1 0
260 2.5 1 3.5
261 2.5 1 4
262 2.5 1 4.5
263 2.5 1 5
264 2.5 1 5.5
265 0 0 0.5
266 0 0 1
267 0 0 1.5
268 0 0 2
269 0 0 2.5
270 0 0 0
271 0 0 3.5
272 0 0 4
273 0 0 4.5
274 0 0 5
275 0 0 5.5
276 0 0 0.5
277 0 0 1
278 0 0 1.5
279 0 0 2
280 0 0 2.5
281 0 0 0
282 0 0 3.5
283 0 0 4
284 0 0 4.5
285 0 0 5
286 0 0 5.5
287 0 0 0.5
288 0 0 1
289 0 0 1.5
290 0 0 2
291 0 0 2.5
292 0 0 0
293 0 0 3.5
294 0 0 4
295 0 0 4.5
296 0 0 5
297 0 0 5.5
298 0 0 0.5
299 0 0 1
300 0 0 1.5
301 0 0 2
302 0 0 2.5
303 0 0 0
304 0 0 3.5
305 0 0 4
306 0 0 4.5
307 0 0 5
308 0 0 5.5
309 0 0 0.5
310 0 0 1
311 0 0 1.5
312 0 0 2
313 0 0 2.5
314 0 0 0
315 0 0 3.5
316 0 0 4
317 0 0 4.5
318 0 0 5
319 0 0 5.5
320 5.5 1 0.5
321 5.5 1 1
322 5.5 1 1.5
323 5.5 1 2
324 5.5 1 2.5
325 5.5 1 0
326 5.5 1 3.5
327 5.5 1 4
328 5.5 1 4.5
329 5.5 1 5
330 5.5 1 5.5
331 6 1 0.5
332 6 1 1
333 6 1 1.5
334 6 1 2
335 6 1 2.5
336 6 1 0
337 6 1 3.5
338 6 1 4
339 6 1 4.5
340 6 1 5
341 6 1 5.5
342 6.5 1 0.5
343 6.5 1 1
344 6.5 1 1.5
345 6.5 1 2
346 6.5 1 2.5
347 6.5 1 0
348 6.5 1 3.5
349 6.5 1 4
350 6.5 1 4.5
351 6.5 1 5
352 6.5 1 5.5
353 7 1 0.5
354 7 1 1
355 7 1 1.5
356 7 1 2
357 7 1 2.5
358 7 1 0
359 7 1 3.5
360 7 1 4
361 7 1 4.5
362 7 1 5
363 7 1 5.5
364 7.5 1 0.5
365 7.5 1 1
366 7.5 1 1.5
367 7.5 1 2
368 7.5 1 2.5
369 7.5 1 0
370 7.5 1 3.5
371 7.5 1 4
372 7.5 1 4.5
373 7.5 1 5
374 7.5 1 5.5
375 8 1 0.5
376 8 1 1
377 8 1 1.5
378 8 1 2
379 8 1 2.5
380 8 1 0
381 8 1 3.5
382 8 1 4
383 8 1 4.5
384 8 1 5
385 8 1 5.5
386 8.5 1 0.5
387 8.5 1 1
388 8.5 1 1.5
389 8.5 1 2
390 8.5 1 2.5
391 8.5 1 0
392 8.5 1 3.5
393 8.5 1 4
394 8.5 1 4.5
395 8.5 1 5
396 8.5 1 5.5
397 9 1 0.5
398 9 1 1
399 9 1 1.5
400 9 1 2
401 9 1 2.5
402 9 1 0
403 9 1 3.5
404 9 1 4
405 9 1 4.5
406 9 1 5
407 9 1 5.5
408 9.5 1 0.5
409 9.5 1 1
410 9.5 1 1.5
411 9.5 1 2
412 9.5 1 2.5
413 9.5 1 0
414 9.5 1 3.5
415 9.5 1 4
416 9.5 1 4.5
417 9.5 1 5
418 9.5 1 5.5
419 0.5 1.5 0.5
420 0.5 1.5 1
421 0.5 1.5 1.5
422 0.5 1.5 2
423 0.5 1.5 2.5
424 0.5 1.5 0
425 0.5 1.5 3.5
426 0.5 1.5 4
427 0.5 1.5 4.5
428 0.5 1.5 5
429 0.5 1.5 5.5
430 1 1.5 0.5
431 1 1.5 1
432 1 1.5 1.5
433 1 1.5 2
434 1 1.5 2.5
435 1 1.5 0
436 1 1.5 3.5
437 1 1.5 4
438 1 1.5 4.5
439 1 1.5 5
440 1 1.5 5.5
441 1.5 1.5 0.5
442 1.5 1.5 1
443 1.5 1.5 1.5
444 1.5 1.5 2
445 1.5 1.5 2.5
446 1.5 1.5 0
447 1.5 1.5 3.5
448 1.5 1.5 4
449 1.5 1.5 4.5
450 1.5 1.5 5
451 1.5 1.5 5.5
452 2 1.5 0.5
453 2 1.5 1
454 2 1.5 1.5
455 2 1.5 2
456 2 1.5 2.5
457 2 1.5 0
458 2 1.5 3.5
459 2 1.5 4
460 2 1.5 4.5
461 2 1.5 5
462 2 1.5 5.5
463 2.5 1.5 0.5
464 2.5 1.5 1
465 2.5 1.5 1.5
466 2.5 1.5 2
467 2.5 1.5 2.5
468 2.5 1.5 0
469 2.5 1.5 3.5
470 2.5 1.5 4
471 2.5 1.5 4.5
472 2.5 1.5 5
473 2.5 1.5 5.5
474 3 1.5 0.5
475 3 1.5 1
476 3 1.5 1.5
477 3 1.5 2
478 3 1.5 2.5
479 3 1.5 0
480 3 1.5 3.5
481 3 1.5 4
482 3 1.5 4.5
483 3 1.5 5
484 3 1.5 5.5
485 0 0 0.5
486 0 0 1
487 0 0 1.5
488 0 0 2
489 0 0 2.5
490 0 0 0
491 0 0 3.5
492 0 0 4
493 0 0 4.5
494 0 0 5
495 0 0 5.5
496 0 0 0.5
497 0 0 1
498 0 0 1.5
499 0 0 2
500 0 0 2.5
501 0 0 0
502 0 0 3.5
503 0 0 4
504 0 0 4.5
505 0 0 5
506 0 0 5.5
507 0 0 0.5
508 0 0 1
509 0 0 1.5
510 0 0 2
511 0 0 2.5
512 0 0 0
513 0 0 3.5
514 0 0 4
515 0 0 4.5
516 0 0 5
517 0 0 5.5
518 0 0 0.5
519 0 0 1
520 0 0 1.5
521 0 0 2
522 0 0 2.5
523 0 0 0
524 0 0 3.5
525 0 0 4
526 0 0 4.5
527 0 0 5
528 0 0 5.5
529 0 0 0.5
530 0 0 1
531 0 0 1.5
532 0 0 2
533 0 0 2.5
534 0 0 0
535 0 0 3.5
536 0 0 4
537 0 0 4.5
538 0 0 5
539 0 0 5.5
540 0 0 0.5
541 0 0 1
542 0 0 1.5
543 0 0 2
544 0 0 2.5
545 0 0 0
546 0 0 3.5
547 0 0 4
548 0 0 4.5
549 0 0 5
550 0 0 5.5
551 0 0 0.5
552 0 0 1
553 0 0 1.5
554 0 0 2
555 0 0 2.5
556 0 0 0
557 0 0 3.5
558 0 0 4
559 0 0 4.5
560 0 0 5
561 0 0 5.5
562 7 1.5 0.5
563 7 1.5 1
564 7 1.5 1.5
565 7 1.5 2
566 7 1.5 2.5
567 7 1.5 0
568 7 1.5 3.5
569 7 1.5 4
570 7 1.5 4.5
571 7 1.5 5
572 7 1.5 5.5
573 7.5 1.5 0.5
574 7.5 1.5 1
575 7.5 1.5 1.5
576 7.5 1.5 2
577 7.5 1.5 2.5
578 7.5 1.5 0
579 7.5 1.5 3.5
580 7.5 1.5 4
581 7.5 1.5 4.5
582 7.5 1.5 5
583 7.5 1.5 5.5
584 8 1.5 0.5
585 8 1.5 1
586 8 1.5 1.5
587 8 1.5 2
588 8 1.5 2.5
589 8 1.5 0
590 8 1.5 3.5
591 8 1.5 4
592 8 1.5 4.5
593 8 1.5 5
594 8 1.5 5.5
595 8.5 1.5 0.5
596 8.5 1.5 1
597 8.5 1.5 1.5
598 8.5 1.5 2
599 8.5 1.5 2.5
600 8.5 1.5 0
601 8.5 1.5 3.5
602 8.5 1.5 4
603 8.5 1.5 4.5
604 8.5 1.5 5
605 8.5 1.5 5.5
606 9 1.5 0.5
607 9 1.5 1
608 9 1.5 1.5
609 9 1.5 2
610 9 1.5 2.5
611 9 1.5 0
612 9 1.5 3.5
613 9 1.5 4
614 9 1.5 4.5
615 9 1.5 5
616 9 1.5 5.5
617 9.5 1.5 0.5
618 9.5 1.5 1
619 9.5 1.5 1.5
620 9.5 1.5 2
621 9.5 1.5 2.5
622 9.5 1.5 0
623 9.5 1.5 3.5
624 9.5 1.5 4
625 9.5 1.5 4.5
626 9.5 1.5 5
627 9.5 1.5 5.5
628 0.5 2 0.5
629 0.5 2 1
630 0.5 2 1.5
631 0.5 2 2
632 0.5 2 2.5
633 0.5 2 0
634 0.5 2 3.5
635 0.5 2 4
636 0.5 2 4.5
637 0.5 2 5
638 0.5 2 5.5
639 1 2 0.5
640 1 2 1
641 1 2 1.5
642 1 2 2
643 1 2 2.5
644 1 2 0
645 1 2 3.5
646 1 2 4
647 1 2 4.5
648 1 2 5
649 1 2 5.5
650 1.5 2 0.5
651 1.5 2 1
652 1.5 2 1.5
653 1.5 2 2
654 1.5 2 2.5
655 1.5 2 0
656 1.5 2 3.5
657 1.5 2 4
658 1.5 2 4.5
659 1.5 2 5
660 1.5 2 5.5
661 2 2 0.5
662 2 2 1
663 2 2 1.5
664 2 2 2
665 2 2 2.5
666 2 2 0
667 2 2 3.5
668 2 2 4
669 2 2 4.5
670 2 2 5
671 2 2 5.5
672 0 0 0.5
673 0 0 1
674 0 0 1.5
675 0 0 2
676 0 0 2.5
677 0 0 0
678 0 0 3.5
679 0 0 4
680 0 0 4.5
681 0 0 5
682 0 0 5.5
683 0 0 0.5
684 0 0 1
685 0 0 1.5
686 0 0 2
687 0 0 2.5
688 0 0 0
689 0 0 3.5
690 0 0 4
691 0 0 4.5
692 0 0 5
693 0 0 5.5
694 0 0 0.5
695 0 0 1
696 0 0 1.5
697 0 0 2
698 0 0 2.5
699 0 0 0
700 0 0 3.5
701 0 0 4
702 0 0 4.5
703 0 0 5
704 0 0 5.5
705 0 0 0.5
706 0 0 1
707 0 0 1.5
708 0 0 2
709 0 0 2.5
710 0 0 0
711 0 0 3.5
712 0 0 4
713 0 0 4.5
714 0 0 5
715 0 0 5.5
716 0 0 0.5
717 0 0 1
718 0 0 1.5
719 0 0 2
720 0 0 2.5
721 0 0 0
722 0 0 3.5
723 0 0 4
724 0 0 4.5
725 0 0 5
726 0 0 5.5
727 0 0 0.5
728 0 0 1
729 0 0 1.5
730 0 0 2
731 0 0 2.5
732 0 0 0
733 0 0 3.5
734 0 0 4
735 0 0 4.5
736 0 0 5
737 0 0 5.5
738 0 0 0.5
739 0 0 1
740 0 0 1.5
741 0 0 2
742 0 0 2.5
743 0 0 0
744 0 0 3.5
745 0 0 4
746 0 0 4.5
747 0 0 5
748 0 0 5.5
749 0 0 0.5
750 0 0 1
751 0 0 1.5
752 0 0 2
753 0 0 2.5
754 0 0 0
755 0 0 3.5
756 0 0 4
757 0 0 4.5
758 0 0 5
759 0 0 5.5
760 0 0 0.5
761 0 0 1
762 0 0 1.5
763 0 0 2
764 0 0 2.5
765 0 0 0
766 0 0 3.5
767 0 0 4
768 0 0 4.5
769 0 0 5
770 0 0 5.5
771 0 0 0.5
772 0 0 1
773 0 0 1.5
774 0 0 2
775 0 0 2.5
776 0 0 0
777 0 0 3.5
778 0 0 4
779 0 0 4.5
780 0 0 5
781 0 0 5.5
782 0 0 0.5
783 0 0 1
784 0 0 1.5
785 0 0 2
786 0 0 2.5
787 0 0 0
788 0 0 3.5
789 0 0 4
790 0 0 4.5
791 0 0 5
792 0 0 5.5
793 8 2 0.5
794 8 2 1
795 8 2 1.5
796 8 2 2
797 8 2 2.5
798 8 2 0
799 8 2 3.5
800 8 2 4
801 8 2 4.5
802 8 2 5
803 8 2 5.5
804 8.5 2 0.5
805 8.5 2 1
806 8.5 2 1.5
807 8.5 2 2
808 8.5 2 2.5
809 8.5 2 0
810 8.5 2 3.5
811 8.5 2 4
812 8.5 2 4.5
813 8.5 2 5
814 8.5 2 5.5
815 9 2 0.5
816 9 2 1
817 9 2 1.5
818 9 2 2
819 9 2 2.5
820 9 2 0
821 9 2 3.5
822 9 2 4
823 9 2 4.5
824 9 2 5
825 9 2 5.5
826 9.5 2 0.5
827 9.5 2 1
828 9.5 2 1.5
829 9.5 2 2
830 9.5 2 2.5
831 9.5 2 0
832 9.5 2 3.5
833 9.5 2 4
834 9.5 2 4.5
835 9.5 2 5
836 9.5 2 5.5
837 0.5 2.5 0.5
838 0.5 2.5 1
839 0.5 2.5 1.5
840 0.5 2.5 2
841 0.5 2.5 2.5
842 0.5 2.5 0
843 0.5 2.5 3.5
844 0.5 2.5 4
845 0.5 2.5 4.5
846 0.5 2.5 5
847 0.5 2.5 5.5
848 1 2.5 0.5
849 1 2.5 1
850 1 2.5 1.5
851 1 2.5 2
852 1 2.5 2.5
853 1 2.5 0
854 1 2.5 3.5
855 1 2.5 4
856 1 2.5 4.5
857 1 2.5 5
858 1 2.5 5.5
859 1.5 2.5 0.5
860 1.5 2.5 1
861 1.5 2.5 1.5
862 1.5 2.5 2
863 1.5 2.5 2.5
864 1.5 2.5 0
865 1.5 2.5 3.5
866 1.5 2.5 4
867 1.5 2.5 4.5
868 1.5 2.5 5
869 1.5 2.5 5.5
870 0 0 0.5
871 0 0 1
872 0 0 1.5
873 0 0 2
874 0 0 2.5
875 0 0 0
876 0 0 3.5
877 0 0 4
878 0 0 4.5
879 0 0 5
880 0 0 5.5
881 0 0 0.5
882 0 0 1
883 0 0 1.5
884 0 0 2
885 0 0 2.5
886 0 0 0
887 0 0 3.5
888 0 0 4
889 0 0 4.5
890 0 0 5
891 0 0 5.5
892 0 0 0.5
893 0 0 1
894 0 0 1.5
895 0 0 2
896 0 0 2.5
897 0 0 0
898 0 0 3.5
899 0 0 4
900 0 0 4.5
901 0 0 5
902 0 0 5.5
903 0 0 0.5
904 0 0 1
905 0 0 1.5
906 0 0 2
907 0 0 2.5
908 0 0 0
909 0 0 3.5
910 0 0 4
911 0 0 4.5
912 0 0 5
913 0 0 5.5
914 0 0 0.5
915 0 0 1
916 0 0 1.5
917 0 0 2
918 0 0 2.5
919 0 0 0
920 0 0 3.5
921 0 0 4
922 0 0 4.5
923 0 0 5
924 0 0 5.5
925 0 0 0.5
926 0 0 1
927 0 0 1.5
928 0 0 2
929 0 0 2.5
930 0 0 0
931 0 0 3.5
932 0 0 4
933 0 0 4.5
934 0 0 5
935 0 0 5.5
936 0 0 0.5
937 0 0 1
938 0 0 1.5
939 0 0 2
940 0 0 2.5
941 0 0 0
942 0 0 3.5
943 0 0 4
944 0 0 4.5
945 0 0 5
946 0 0 5.5
947 0 0 0.5
948 0 0 1
949 0 0 1.5
950 0 0 2
951 0 0 2.5
952 0 0 0
953 0 0 3.5
954 0 0 4
955 0 0 4.5
956 0 0 5
957 0 0 5.5
958 0 0 0.5
959 0 0 1
960 0 0 1.5
961 0 0 2
962 0 0 2.5
963 0 0 0
964 0 0 3.5
965 0 0 4
966 0 0 4.5
967 0 0 5
968 0 0 5.5
969 0 0 0.5
970 0 0 1
971 0 0 1.5
972 0 0 2
973 0 0 2.5
974 0 0 0
975 0 0 3.5
976 0 0 4
977 0 0 4.5
978 0 0 5
979 0 0 5.5
980 0 0 0.5
981 0 0 1
982 0 0 1.5
983 0 0 2
984 0 0 2.5
985 0 0 0
986 0 0 3.5
987 0 0 4
988 0 0 4.5
989 0 0 5
990 0 0 5.5
991 0 0 0.5
992 0 0 1
993 0 0 1.5
994 0 0 2
995 0 0 2.5
996 0 0 0
997 0 0 3.5
998 0 0 4
999 0 0 4.5
1000 0 0 5
1001 0 0 5.5
1002 0 0 0.5
1003 0 0 1
1004 0 0 1.5
1005 0 0 2
1006 0 0 2.5
1007 0 0 0
1008 0 0 3.5
1009 0 0 4
1010 0 0 4.5
1011 0 0 5
1012 0 0 5.5
1013 8.5 2.5 0.5
1014 8.5 2.5 1
1015 8.5 2.5 1.5
1016 8.5 2.5 2
1017 8.5 2.5 2.5
1018 8.5 2.5 0
1019 8.5 2.5 3.5
1020 8.5 2.5 4
1021 8.5 2.5 4.5
1022 8.5 2.5 5
1023 8.5 2.5 5.5
1024 9 2.5 0.5
1025 9 2.5 1
1026 9 2.5 1.5
1027 9 2.5 2
1028 9 2.5 2.5
1029 9 2.5 0
1030 9 2.5 3.5
1031 9 2.5 4
1032 9 2.5 4.5
1033 9 2.5 5
1034 9 2.5 5.5
1035 9.5 2.5 0.5
1036 9.5 2.5 1
1037 9.5 2.5 1.5
1038 9.5 2.5 2
1039 9.5 2.5 2.5
1040 9.5 2.5 0
1041 9.5 2.5 3.5
1042 9.5 2.5 4
1043 9.5 2.5 4.5
1044 9.5 2.5 5
1045 9.5 2.5 5.5
1046 0.5 3 0.5
1047 0.5 3 1
1048 0.5 3 1.5
1049 0.5 3 2
1050 0.5 3 2.5
1051 0.5 3 0
1052 0.5 3 3.5
1053 0.5 3 4
1054 0.5 3 4.5
1055 0.5 3 5
1056 0.5 3 5.5
1057 1 3 0.5
1058 1 3 1
1059 1 3 1.5
1060 1 3 2
1061 1 3 2.5
1062 1 3 0
1063 1 3 3.5
1064 1 3 4
1065 1 3 4.5
1066 1 3 5
1067 1 3 5.5
1068 1.5 3 0.5
1069 1.5 3 1
1070 1.5 3 1.5
1071 1.5 3 2
1072 1.5 3 2.5
1073 1.5 3 0
1074 1.5 3 3.5
1075 1.5 3 4
1076 1.5 3 4.5
1077 1.5 3 5
1078 1.5 3 5.5
1079 0 0 0.5
1080 0 0 1
1081 0 0 1.5
1082 0 0 2
1083 0 0 2.5
1084 0 0 0
1085 0 0 3.5
1086 0 0 4
1087 0 0 4.5
1088 0 0 5
1089 0 0 5.5
1090 0 0 0.5
1091 0 0 1
1092 0 0 1.5
1093 0 0 2
1094 0 0 2.5
1095 0 0 0
1096 0 0 3.5
1097 0 0 4
1098 0 0 4.5
1099 0 0 5
1100 0 0 5.5
1101 0 0 0.5
1102 0 0 1
1103 0 0 1.5
1104 0 0 2
1105 0 0 2.5
1106 0 0 0
1107 0 0 3.5
1108 0 0 4
1109 0 0 4.5
1110 0 0 5
1111 0 0 5.5
1112 0 0 0.5
1113 0 0 1
1114 0 0 1.5
1115 0 0 2
1116 0 0 2.5
1117 0 0 0
1118 0 0 3.5
1119 0 0 4
1120 0 0 4.5
1121 0 0 5
1122 0 0 5.5
1123 0 0 0.5
1124 0 0 1
1125 0 0 1.5
1126 0 0 2
1127 0 0 2.5
1128 0 0 0
1129 0 0 3.5
1130 0 0 4
1131 0 0 4.5
1132 0 0 5
1133 0 0 5.5
1134 0 0 0.5
1135 0 0 1
1136 0 0 1.5
1137 0 0 2
1138 0 0 2.5
1139 0 0 0
1140 0 0 3.5
1141 0 0 4
1142 0 0 4.5
1143 0 0 5
1144 0 0 5.5
1145 0 0 0.5
1146 0 0 1
1147 0 0 1.5
1148 0 0 2
1149 0 0 2.5
1150 0 0 0
1151 0 0 3.5
1152 0 0 4
1153 0 0 4.5
1154 0 0 5
1155 0 0 5.5
1156 0 0 0.5
1157 0 0 1
1158 0 0 1.5
1159 0 0 2
1160 0 0 2.5
1161 0 0 0
1162 0 0 3.5
1163 0 0 4
1164 0 0 4.5
1165 0 0 5
1166 0 0 5.5
1167 0 0 0.5
1168 0 0 1
1169 0 0 1.5
1170 0 0 2
1171 0 0 2.5
1172 0 0 0
1173 0 0 3.5
1174 0 0 4
1175 0 0 4.5
1176 0 0 5
1177 0 0 5.5
1178 0 0 0.5
1179 0 0 1
1180 0 0 1.5
1181 0 0 2
1182 0 0 2.5
1183 0 0 0
1184 0 0 3.5
1185 0 0 4
1186 0 0 4.5
1187 0 0 5
1188 0 0 5.5
1189 0 0 0.5
1190 0 0 1
1191 0 0 1.5
1192 0 0 2
1193 0 0 2.5
1194 0 0 0
1195 0 0 3.5
1196 0 0 4
1197 0 0 4.5
1198 0 0 5
1199 0 0 5.5
1200 0 0 0.5
1201 0 0 1
1202 0 0 1.5
1203 0 0 2
1204 0 0 2.5
1205 0 0 0
1206 0 0 3.5
1207 0 0 4
1208 0 0 4.5
1209 0 0 5
1210 0 0 5.5
1211 0 0 0.5
1212 0 0 1
1213 0 0 1.5
1214 0 0 2
1215 0 0 2.5
1216 0 0 0
1217 0 0 3.5
1218 0 0 4
1219 0 0 4.5
1220 0 0 5
1221 0 0 5.5
1222 8.5 3 0.5
1223 8.5 3 1
1224 8.5 3 1.5
1225 8.5 3 2
1226 8.5 3 2.5
1227 8.5 3 0
1228 8.5 3 3.5
1229 8.5 3 4
1230 8.5 3 4.5
1231 8.5 3 5
1232 8.5 3 5.5
1233 9 3 0.5
1234 9 3 1
1235 9 3 1.5
1236 9 3 2
1237 9 3 2.5
1238 9 3 0
1239 9 3 3.5
1240 9 3 4
1241 9 3 4.5
1242 9 3 5
1243 9 3 5.5
1244 9.5 3 0.5
1245 9.5 3 1
1246 9.5 3 1.5
1247 9.5 3 2
1248 9.5 3 2.5
1249 9.5 3 0
1250 9.5 3 3.5
1251 9.5 3 4
1252 9.5 3 4.5
1253 9.5 3 5
1254 9.5 3 5.5
1255 0.5 3.5 0.5
1256 0.5 3.5 1
1257 0.5 3.5 1.5
1258 0.5 3.5 2
1259 0.5 3.5 2.5
1260 0.5 3.5 0
1261 0.5 3.5 3.5
1262 0.5 3.5 4
1263 0.5 3.5 4.5
1264 0.5 3.5 5
1265 0.5 3.5 5.5
1266 1 3.5 0.5
1267 1 3.5 1
1268 1 3.5 1.5
1269 1 3.5 2
1270 1 3.5 2.5
1271 1 3.5 0
1272 1 3.5 3.5
1273 1 3.5 4
1274 1 3.5 4.5
1275 1 3.5 5
1276 1 3.5 5.5
1277 0 0 0.5
1278 0 0 1
1279 0 0 1.5
1280 0 0 2
1281 0 0 2.5
1282 0 0 0
1283 0 0 3.5
1284 0 0 4
1285 0 0 4.5
1286 0 0 5
1287 0 0 5.5
1288 0 0 0.5
1289 0 0 1
1290 0 0 1.5
1291 0 0 2
1292 0 0 2.5
1293 0 0 0
1294 0 0 3.5
1295 0 0 4
1296 0 0 4.5
1297 0 0 5
1298 0 0 5.5
1299 0 0 0.5
1300 0 0 1
1301 0 0 1.5
1302 0 0 2
1303 0 0 2.5
1304 0 0 0
1305 0 0 3.5
1306 0 0 4
1307 0 0 4.5
1308 0 0 5
1309 0 0 5.5
1310 0 0 0.5
1311 0 0 1
1312 0 0 1.5
1313 0 0 2
1314 0 0 2.5
1315 0 0 0
1316 0 0 3.5
1317 0 0 4
1318 0 0 4.5
1319 0 0 5
1320 0 0 5.5
1321 0 0 0.5
1322 0 0 1
1323 0 0 1.5
1324 0 0 2
1325 0 0 2.5
1326 0 0 0
1327 0 0 3.5
1328 0 0 4
1329 0 0 4.5
1330 0 0 5
1331 0 0 5.5
1332 0 0 0.5
1333 0 0 1
1334 0 0 1.5
1335 0 0 2
1336 0 0 2.5
1337 0 0 0
1338 0 0 3.5
1339 0 0 4
1340 0 0 4.5
1341 0 0 5
1342 0 0 5.5
1343 0 0 0.5
1344 0 0 1
1345 0 0 1.5
1346 0 0 2
1347 0 0 2.5
1348 0 0 0
1349 0 0 3.5
1350 0 0 4
1351 0 0 4.5
1352 0 0 5
1353 0 0 5.5
1354 0 0 0.5
1355 0 0 1
1356 0 0 1.5
1357 0 0 2
1358 0 0 2.5
1359 0 0 0
1360 0 0 3.5
1361 0 0 4
1362 0 0 4.5
1363 0 0 5
1364 0 0 5.5
1365 0 0 0.5
1366 0 0 1
1367 0 0 1.5
1368 0 0 2
1369 0 0 2.5
1370 0 0 0
1371 0 0 3.5
1372 0 0 4
1373 0 0 4.5
1374 0 0 5
1375 0 0 5.5
1376 0 0 0.5
1377 0 0 1
1378 0 0 1.5
1379 0 0 2
1380 0 0 2.5
1381 0 0 0
1382 0 0 3.5
1383 0 0 4
1384 0 0 4.5
1385 0 0 5
1386 0 0 5.5
1387 0 0 0.5
1388 0 0 1
1389 0 0 1.5
1390 0 0 2
1391 0 0 2.5
1392 0 0 0
1393 0 0 3.5
1394 0 0 4
1395 0 0 4.5
1396 0 0 5
1397 0 0 5.5
1398 0 0 0.5
1399 0 0 1
1400 0 0 1.5
1401 0 0 2
1402 0 0 2.5
1403 0 0 0
1404 0 0 3.5
1405 0 0 4
1406 0 0 4.5
1407 0 0 5
1408 0 0 5.5
1409 0 0 0.5
1410 0 0 1
1411 0 0 1.5
1412 0 0 2
1413 0 0 2.5
1414 0 0 0
1415 0 0 3.5
1416 0 0 4
1417 0 0 4.5
1418 0 0 5
1419 0 0 5.5
1420 0 0 0.5
1421 0 0 1
1422 0 0 1.5
1423 0 0 2
1424 0 0 2.5
1425 0 0 0
1426 0 0 3.5
1427 0 0 4
1428 0 0 4.5
1429 0 0 5
1430 0 0 5.5
1431 0 0 0.5
1432 0 0 1
1433 0 0 1.5
1434 0 0 2
1435 0 0 2.5
1436 0 0 0
1437 0 0 3.5
1438 0 0 4
1439 0 0 4.5
1440 0 0 5
1441 0 0 5.5
1442 9 3.5 0.5
1443 9 3.5 1
1444 9 3.5 1.5
1445 9 3.5 2
1446 9 3.5 2.5
1447 9 3.5 0
1448 9 3.5 3.5
1449 9 3.5 4
1450 9 3.5 4.5
1451 9 3.5 5
1452 9 3.5 5.5
1453 9.5 3.5 0.5
1454 9.5 3.5 1
1455 9.5 3.5 1.5
1456 9.5 3.5 2
1457 9.5 3.5 2.5
1458 9.5 3.5 0
1459 9.5 3.5 3.5
1460 9.5 3.5 4
1461 9.5 3.5 4.5
1462 9.5 3.5 5
1463 9.5 3.5 5.5
1464 0.5 4 0.5
1465 0.5 4 1
1466 0.5 4 1.5
1467 0.5 4 2
1468 0.5 4 2.5
1469 0.5 4 0
1470 0.5 4 3.5
1471 0.5 4 4
1472 0.5 4 4.5
1473 0.5 4 5
1474 0.5 4 5.5
1475 1 4 0.5
1476 1 4 1
1477 1 4 1.5
1478 1 4 2
1479 1 4 2.5
1480 1 4 0
1481 1 4 3.5
1482 1 4 4
1483 1 4 4.5
1484 1 4 5
1485 1 4 5.5
1486 0 0 0.5
1487 0 0 1
1488 0 0 1.5
1489 0 0 2
1490 0 0 2.5
1491 0 0 0
1492 0 0 3.5
1493 0 0 4
1494 0 0 4.5
1495 0 0 5
1496 0 0 5.5
1497 0 0 0.5
1498 0 0 1
1499 0 0 1.5
1500 0 0 2
1501 0 0 2.5
1502 0 0 0
1503 0 0 3.5
1504 0 0 4
1505 0 0 4.5
1506 0 0 5
1507 0 0 5.5
1508 0 0 0.5
1509 0 0 1
1510 0 0 1.5
1511 0 0 2
1512 0 0 2.5
1513 0 0 0
1514 0 0 3.5
1515 0 0 4
1516 0 0 4.5
1517 0 0 5
1518 0 0 5.5
1519 0 0 0.5
1520 0 0 1
1521 0 0 1.5
1522 0 0 2
1523 0 0 2.5
1524 0 0 0
1525 0 0 3.5
1526 0 0 4
1527 0 0 4.5
1528 0 0 5
1529 0 0 5.5
1530 0 0 0.5
1531 0 0 1
1532 0 0 1.5
1533 0 0 2
1534 0 0 2.5
1535 0 0 0
1536 0 0 3.5
1537 0 0 4
1538 0 0 4.5
1539 0 0 5
1540 0 0 5.5
1541 0 0 0.5
1542 0 0 1
1543 0 0 1.5
1544 0 0 2
1545 0 0 2.5
1546 0 0 0
1547 0 0 3.5
1548 0 0 4
1549 0 0 4.5
1550 0 0 5
1551 0 0 5.5
1552 0 0 0.5
1553 0 0 1
1554 0 0 1.5
1555 0 0 2
1556 0 0 2.5
1557 0 0 0
1558 0 0 3.5
1559 0 0 4
1560 0 0 4.5
1561 0 0 5
1562 0 0 5.5
1563 0 0 0.5
1564 0 0 1
1565 0 0 1.5
1566 0 0 2
1567 0 0 2.5
1568 0 0 0
1569 0 0 3.5
1570 0 0 4
1571 0 0 4.5
1572 0 0 5
1573 0 0 5.5
1574 0 0 0.5
1575 0 0 1
1576 0 0 1.5
1577 0 0 2
1578 0 0 2.5
1579 0 0 0
1580 0 0 3.5
1581 0 0 4
1582 0 0 4.5
1583 0 0 5
1584 0 0 5.5
1585 0 0 0.5
1586 0 0 1
1587 0 0 1.5
1588 0 0 2
1589 0 0 2.5
1590 0 0 0
1591 0 0 3.5
1592 0 0 4
1593 0 0 4.5
1594 0 0 5
1595 0 0 5.5
1596 0 0 0.5
1597 0 0 1
1598 0 0 1.5
1599 0 0 2
1600 0 0 2.5
1601 0 0 0
1602 0 0 3.5
1603 0 0 4
1604 0 0 4.5
1605 0 0 5
1606 0 0 5.5
1607 0 0 0.5
1608 0 0 1
1609 0 0 1.5
1610 0 0 2
1611 0 0 2.5
1612 0 0 0
1613 0 0 3.5
1614 0 0 4
1615 0 0 4.5
1616 0 0 5
1617 0 0 5.5
1618 0 0 0.5
1619 0 0 1
1620 0 0 1.5
1621 0 0 2
1622 0 0 2.5
1623 0 0 0
1624 0 0 3.5
1625 0 0 4
1626 0 0 4.5
1627 0 0 5
1628 0 0 5.5
1629 0 0 0.5
1630 0 0 1
1631 0 0 1.5
1632 0 0 2
1633 0 0 2.5
1634 0 0 0
1635 0 0 3.5
1636 0 0 4
1637 0 0 4.5
1638 0 0 5
1639 0 0 5.5
1640 0 0 0.5
1641 0 0 1
1642 0 0 1.5
1643 0 0 2
1644 0 0 2.5
1645 0 0 0
1646 0 0 3.5
1647 0 0 4
1648 0 0 4.5
1649 0 0 5
1650 0 0 5.5
1651 9 4 0.5
1652 9 4 1
1653 9 4 1.5
1654 9 4 2
1655 9 4 2.5
1656 9 4 0
1657 9 4 3.5
1658 9 4 4
1659 9 4 4.5
1660 9 4 5
1661 9 4 5.5
1662 9.5 4 0.5
1663 9.5 4 1
1664 9.5 4 1.5
1665 9.5 4 2
1666 9.5 4 2.5
1667 9.5 4 0
1668 9.5 4 3.5
1669 9.5 4 4
1670 9.5 4 4.5
1671 9.5 4 5
1672 9.5 4 5.5
1673 0.5 4.5 0.5
1674 0.5 4.5 1
1675 0.5 4.5 1.5
1676 0.5 4.5 2
1677 0.5 4.5 2.5
1678 0.5 4.5 0
1679 0.5 4.5 3.5
1680 0.5 4.5 4
1681 0.5 4.5 4.5
1682 0.5 4.5 5
1683 0.5 4.5 5.5
1684 1 4.5 0.5
1685 1 4.5 1
1686 1 4.5 1.5
1687 1 4.5 2
1688 1 4.5 2.5
1689 1 4.5 0
1690 1 4.5 3.5
1691 1 4.5 4
1692 1 4.5 4.5
1693 1 4.5 5
1694 1 4.5 5.5
1695 0 0 0.5
1696 0 0 1
1697 0 0 1.5
1698 0 0 2
1699 0 0 2.5
1700 0 0 0
1701 0 0 3.5
1702 0 0 4
1703 0 0 4.5
1704 0 0 5
1705 0 0 5.5
1706 0 0 0.5
1707 0 0 1
1708 0 0 1.5
1709 0 0 2
1710 0 0 2.5
1711 0 0 0
1712 0 0 3.5
1713 0 0 4
1714 0 0 4.5
1715 0 0 5
1716 0 0 5.5
1717 0 0 0.5
1718 0 0 1
1719 0 0 1.5
1720 0 0 2
1721 0 0 2.5
1722 0 0 0
1723 0 0 3.5
1724 0 0 4
1725 0 0 4.5
1726 0 0 5
1727 0 0 5.5
1728 0 0 0.5
1729 0 0 1
1730 0 0 1.5
1731 0 0 2
1732 0 0 2.5
1733 0 0 0
1734 0 0 3.5
1735 0 0 4
1736 0 0 4.5
1737 0 0 5
1738 0 0 5.5
1739 0 0 0.5
1740 0 0 1
1741 0 0 1.5
1742 0 0 2
1743 0 0 2.5
1744 0 0 0
1745 0 0 3.5
1746 0 0 4
1747 0 0 4.5
1748 0 0 5
1749 0 0 5.5
1750 0 0 0.5
1751 0 0 1
1752 0 0 1.5
1753 0 0 2
1754 0 0 2.5
1755 0 0 0
1756 0 0 3.5
1757 0 0 4
1758 0 0 4.5
1759 0 0 5
1760 0 0 5.5
1761 0 0 0.5
1762 0 0 1
1763 0 0 1.5
1764 0 0 2
1765 0 0 2.5
1766 0 0 0
1767 0 0 3.5
1768 0 0 4
1769 0 0 4.5
1770 0 0 5
1771 0 0 5.5
1772 0 0 0.5
1773 0 0 1
1774 0 0 1.5
1775 0 0 2
1776 0 0 2.5
1777 0 0 0
1778 0 0 3.5
1779 0 0 4
1780 0 0 4.5
1781 0 0 5
1782 0 0 5.5
1783 0 0 0.5
1784 0 0 1
1785 0 0 1.5
1786 0 0 2
1787 0 0 2.5
1788 0 0 0
1789 0 0 3.5
1790 0 0 4
1791 0 0 4.5
1792 0 0 5
1793 0 0 5.5
1794 0 0 0.5
1795 0 0 1
1796 0 0 1.5
1797 0 0 2
1798 0 0 2.5
1799 0 0 0
1800 0 0 3.5
1801 0 0 4
1802 0 0 4.5
1803 0 0 5
1804 0 0 5.5
1805 0 0 0.5
1806 0 0 1
1807 0 0 1.5
1808 0 0 2
1809 0 0 2.5
1810 0 0 0
1811 0 0 3.5
1812 0 0 4
1813 0 0 4.5
1814 0 0 5
1815 0 0 5.5
1816 0 0 0.5
1817 0 0 1
1818 0 0 1.5
1819 0 0 2
1820 0 0 2.5
1821 0 0 0
1822 0 0 3.5
1823 0 0 4
1824 0 0 4.5
1825 0 0 5
1826 0 0 5.5
1827 0 0 0.5
1828 0 0 1
1829 0 0 1.5
1830 0 0 2
1831 0 0 2.5
1832 0 0 0
1833 0 0 3.5
1834 0 0 4
1835 0 0 4.5
1836 0 0 5
1837 0 0 5.5
1838 0 0 0.5
1839 0 0 1
1840 0 0 1.5
1841 0 0 2
1842 0 0 2.5
1843 0 0 0
1844 0 0 3.5
1845 0 0 4
1846 0 0 4.5
1847 0 0 5
1848 0 0 5.5
1849 0 0 0.5
1850 0 0 1
1851 0 0 1.5
1852 0 0 2
1853 0 0 2.5
1854 0 0 0
1855 0 0 3.5
1856 0 0 4
1857 0 0 4.5
1858 0 0 5
1859 0 0 5.5
1860 9 4.5 0.5
1861 9 4.5 1
1862 9 4.5 1.5
1863 9 4.5 2
1864 9 4.5 2.5
1865 9 4.5 0
1866 9 4.5 3.5
1867 9 4.5 4
1868 9 4.5 4.5
1869 9 4.5 5
1870 9 4.5 5.5
1871 9.5 4.5 0.5
1872 9.5 4.5 1
1873 9.5 4.5 1.5
1874 9.5 4.5 2
1875 9.5 4.5 2.5
1876 9.5 4.5 0
1877 9.5 4.5 3.5
1878 9.5 4.5 4
1879 9.5 4.5 4.5
1880 9.5 4.5 5
1881 9.5 4.5 5.5
1882 0.5 5 0.5
1883 0.5 5 1
1884 0.5 5 1.5
1885 0.5 5 2
1886 0.5 5 2.5
1887 0.5 5 0
1888 0.5 5 3.5
1889 0.5 5 4
1890 0.5 5 4.5
1891 0.5 5 5
1892 0.5 5 5.5
1893 0 0 0.5
1894 0 0 1
1895 0 0 1.5
1896 0 0 2
1897 0 0 2.5
1898 0 0 0
1899 0 0 3.5
1900 0 0 4
1901 0 0 4.5
1902 0 0 5
1903 0 0 5.5
1904 0 0 0.5
1905 0 0 1
1906 0 0 1.5
1907 0 0 2
1908 0 0 2.5
1909 0 0 0
1910 0 0 3.5
1911 0 0 4
1912 0 0 4.5
1913 0 0 5
1914 0 0 5.5
1915 0 0 0.5
1916 0 0 1
1917 0 0 1.5
1918 0 0 2
1919 0 0 2.5
1920 0 0 0
1921 0 0 3.5
1922 0 0 4
1923 0 0 4.5
1924 0 0 5
1925 0 0 5.5
1926 0 0 0.5
1927 0 0 1
1928 0 0 1.5
1929 0 0 2
1930 0 0 2.5
1931 0 0 0
1932 0 0 3.5
1933 0 0 4
1934 0 0 4.5
1935 0 0 5
1936 0 0 5.5
1937 0 0 0.5
1938 0 0 1
1939 0 0 1.5
1940 0 0 2
1941 0 0 2.5
1942 0 0 0
1943 0 0 3.5
1944 0 0 4
1945 0 0 4.5
1946 0 0 5
1947 0 0 5.5
1948 0 0 0.5
1949 0 0 1
1950 0 0 1.5
1951 0 0 2
1952 0 0 2.5
1953 0 0 0
1954 0 0 3.5
1955 0 0 4
1956 0 0 4.5
1957 0 0 5
1958 0 0 5.5
1959 0 0 0.5
1960 0 0 1
1961 0 0 1.5
1962 0 0 2
1963 0 0 2.5
1964 0 0 0
1965 0 0 3.5
1966 0 0 4
1967 0 0 4.5
1968 0 0 5
1969 0 0 5.5
1970 0 0 0.5
1971 0 0 1
1972 0 0 1.5
1973 0 0 2
1974 0 0 2.5
1975 0 0 0
1976 0 0 3.5
1977 0 0 4
1978 0 0 4.5
1979 0 0 5
1980 0 0 5.5
1981 0 0 0.5
1982 0 0 1
1983 0 0 1.5
1984 0 0 2
1985 0 0 2.5
1986 0 0 0
1987 0 0 3.5
1988 0 0 4
1989 0 0 4.5
1990 0 0 5
1991 0 0 5.5
1992 0 0 0.5
1993 0 0 1
1994 0 0 1.5
1995 0 0 2
1996 0 0 2.5
1997 0 0 0
1998 0 0 3.5
1999 0 0 4
2000 0 0 4.5
2001 0 0 5
2002 0 0 5.5
2003 0 0 0.5
2004 0 0 1
2005 0 0 1.5
2006 0 0 2
2007 0 0 2.5
2008 0 0 0
2009 0 0 3.5
2010 0 0 4
2011 0 0 4.5
2012 0 0 5
2013 0 0 5.5
2014 0 0 0.5
2015 0 0 1
2016 0 0 1.5
2017 0 0 2
2018 0 0 2.5
2019 0 0 0
2020 0 0 3.5
2021 0 0 4
2022 0 0 4.5
2023 0 0 5
2024 0 0 5.5
2025 0 0 0.5
2026 0 0 1
2027 0 0 1.5
2028 0 0 2
2029 0 0 2.5
2030 0 0 0
2031 0 0 3.5
2032 0 0 4
2033 0 0 4.5
2034 0 0 5
2035 0 0 5.5
2036 0 0 0.5
2037 0 0 1
2038 0 0 1.5
2039 0 0 2
2040 0 0 2.5
2041 0 0 0
2042 0 0 3.5
2043 0 0 4
2044 0 0 4.5
2045 0 0 5
2046 0 0 5.5
2047 0 0 0.5
2048 0 0 1
2049 0 0 1.5
2050 0 0 2
2051 0 0 2.5
2052 0 0 0
2053 0 0 3.5
2054 0 0 4
2055 0 0 4.5
2056 0 0 5
2057 0 0 5.5
2058 0 0 0.5
2059 0 0 1
2060 0 0 1.5
2061 0 0 2
2062 0 0 2.5
2063 0 0 0
2064 0 0 3.5
2065 0 0 4
2066 0 0 4.5
2067 0 0 5
2068 0 0 5.5
2069 0 0 0.5
2070 0 0 1
2071 0 0 1.5
2072 0 0 2
2073 0 0 2.5
2074 0 0 0
2075 0 0 3.5
2076 0 0 4
2077 0 0 4.5
2078 0 0 5
2079 0 0 5.5
2080 9.5 5 0.5
2081 9.5 5 1
2082 9.5 5 1.5
2083 9.5 5 2
2084 9.5 5 2.5
2085 9.5 5 0
2086 9.5 5 3.5
2087 9.5 5 4
2088 9.5 5 4.5
2089 9.5 5 5
2090 9.5 5 5.5
2091 0.5 5.5 0.5
2092 0.5 5.5 1
2093 0.5 5.5 1.5
2094 0.5 5.5 2
2095 0.5 5.5 2.5
2096 0.5 5.5 0
2097 0.5 5.5 3.5
2098 0.5 5.5 4
2099 0.5 5.5 4.5
2100 0.5 5.5 5
2101 0.5 5.5 5.5
2102 1 5.5 0.5
2103 1 5.5 1
2104 1 5.5 1.5
2105 1 5.5 2
2106 1 5.5 2.5
2107 1 5.5 0
2108 1 5.5 3.5
2109 1 5.5 4
2110 1 5.5 4.5
2111 1 5.5 5
2112 1 5.5 5.5
2113 0 0 0.5
2114 0 0 1
2115 0 0 1.5
2116 0 0 2
2117 0 0 2.5
2118 0 0 0
2119 0 0 3.5
2120 0 0 4
2121 0 0 4.5
2122 0 0 5
2123 0 0 5.5
2124 0 0 0.5
2125 0 0 1
2126 0 0 1.5
2127 0 0 2
2128 0 0 2.5
2129 0 0 0
2130 0 0 3.5
2131 0 0 4
2132 0 0 4.5
2133 0 0 5
2134 0 0 5.5
2135 0 0 0.5
2136 0 0 1
2137 0 0 1.5
2138 0 0 2
2139 0 0 2.5
2140 0 0 0
2141 0 0 3.5
2142 0 0 4
2143 0 0 4.5
2144 0 0 5
2145 0 0 5.5
2146 0 0 0.5
2147 0 0 1
2148 0 0 1.5
2149 0 0 2
2150 0 0 2.5
2151 0 0 0
2152 0 0 3.5
2153 0 0 4
2154 0 0 4.5
2155 0 0 5
2156 0 0 5.5
2157 0 0 0.5
2158 0 0 1
2159 0 0 1.5
2160 0 0 2
2161 0 0 2.5
2162 0 0 0
2163 0 0 3.5
2164 0 0 4
2165 0 0 4.5
2166 0 0 5
2167 0 0 5.5
2168 0 0 0.5
2169 0 0 1
2170 0 0 1.5
2171 0 0 2
2172 0 0 2.5
2173 0 0 0
2174 0 0 3.5
2175 0 0 4
2176 0 0 4.5
2177 0 0 5
2178 0 0 5.5
2179 0 0 0.5
2180 0 0 1
2181 0 0 1.5
2182 0 0 2
2183 0 0 2.5
2184 0 0 0
2185 0 0 3.5
2186 0 0 4
2187 0 0 4.5
2188 0 0 5
2189 0 0 5.5
2190 0 0 0.5
2191 0 0 1
2192 0 0 1.5
2193 0 0 2
2194 0 0 2.5
2195 0 0 0
2196 0 0 3.5
2197 0 0 4
2198 0 0 4.5
2199 0 0 5
2200 0 0 5.5
2201 0 0 0.5
2202 0 0 1
2203 0 0 1.5
2204 0 0 2
2205 0 0 2.5
2206 0 0 0
2207 0 0 3.5
2208 0 0 4
2209 0 0 4.5
2210 0 0 5
2211 0 0 5.5
2212 0 0 0.5
2213 0 0 1
2214 0 0 1.5
2215 0 0 2
2216 0 0 2.5
2217 0 0 0
2218 0 0 3.5
2219 0 0 4
2220 0 0 4.5
2221 0 0 5
2222 0 0 5.5
2223 0 0 0.5
2224 0 0 1
2225 0 0 1.5
2226 0 0 2
2227 0 0 2.5
2228 0 0 0
2229 0 0 3.5
2230 0 0 4
2231 0 0 4.5
2232 0 0 5
2233 0 0 5.5
2234 0 0 0.5
2235 0 0 1
2236 0 0 1.5
2237 0 0 2
2238 0 0 2.5
2239 0 0 0
2240 0 0 3.5
2241 0 0 4
2242 0 0 4.5
2243 0 0 5
2244 0 0 5.5
2245 0 0 0.5
2246 0 0 1
2247 0 0 1.5
2248 0 0 2
2249 0 0 2.5
2250 0 0 0
2251 0 0 3.5
2252 0 0 4
2253 0 0 4.5
2254 0 0 5
2255 0 0 5.5
2256 0 0 0.5
2257 0 0 1
2258 0 0 1.5
2259 0 0 2
2260 0 0 2.5
2261 0 0 0
2262 0 0 3.5
2263 0 0 4
2264 0 0 4.5
2265 0 0 5
2266 0 0 5.5
2267 0 0 0.5
2268 0 0 1
2269 0 0 1.5
2270 0 0 2
2271 0 0 2.5
2272 0 0 0
2273 0 0 3.5
2274 0 0 4
2275 0 0 4.5
2276 0 0 5
2277 0 0 5.5
2278 9 5.5 0.5
2279 9 5.5 1
2280 9 5.5 1.5
2281 9 5.5 2
2282 9 5.5 2.5
2283 9 5.5 0
2284 9 5.5 3.5
2285 9 5.5 4
2286 9 5.5 4.5
2287 9 5.5 5
2288 9 5.5 5.5
2289 9.5 5.5 0.5
2290 9.5 5.5 1
2291 9.5 5.5 1.5
2292 9.5 5.5 2
2293 9.5 5.5 2.5
2294 9.5 5.5 0
2295 9.5 5.5 3.5
2296 9.5 5.5 4
2297 9.5 5.5 4.5
2298 9.5 5.5 5
2299 9.5 5.5 5.5
2300 0.5 6 0.5
2301 0.5 6 1
2302 0.5 6 1.5
2303 0.5 6 2
2304 0.5 6 2.5
2305 0.5 6 0
2306 0.5 6 3.5
2307 0.5 6 4
2308 0.5 6 4.5
2309 0.5 6 5
2310 0.5 6 5.5
2311 1 6 0.5
2312 1 6 1
2313 1 6 1.5
2314 1 6 2
2315 1 6 2.5
2316 1 6 0
2317 1 6 3.5
2318 1 6 4
2319 1 6 4.5
2320 1 6 5
2321 1 6 5.5
2322 0 0 0.5
2323 0 0 1
2324 0 0 1.5
2325 0 0 2
2326 0 0 2.5
2327 0 0 0
2328 0 0 3.5
2329 0 0 4
2330 0 0 4.5
2331 0 0 5
2332 0 0 5.5
2333 0 0 0.5
2334 0 0 1
2335 0 0 1.5
2336 0 0 2
2337 0 0 2.5
2338 0 0 0
2339 0 0 3.5
2340 0 0 4
2341 0 0 4.5
2342 0 0 5
2343 0 0 5.5
2344 0 0 0.5
2345 0 0 1
2346 0 0 1.5
2347 0 0 2
2348 0 0 2.5
2349 0 0 0
2350 0 0 3.5
2351 0 0 4
2352 0 0 4.5
2353 0 0 5
2354 0 0 5.5
2355 0 0 0.5
2356 0 0 1
2357 0 0 1.5
2358 0 0 2
2359 0 0 2.5
2360 0 0 0
2361 0 0 3.5
2362 0 0 4
2363 0 0 4.5
2364 0 0 5
2365 0 0 5.5
2366 0 0 0.5
2367 0 0 1
2368 0 0 1.5
2369 0 0 2
2370 0 0 2.5
2371 0 0 0
2372 0 0 3.5
2373 0 0 4
2374 0 0 4.5
2375 0 0 5
2376 0 0 5.5
2377 0 0 0.5
2378 0 0 1
2379 0 0 1.5
2380 0 0 2
2381 0 0 2.5
2382 0 0 0
2383 0 0 3.5
2384 0 0 4
2385 0 0 4.5
2386 0 0 5
2387 0 0 5.5
2388 0 0 0.5
2389 0 0 1
2390 0 0 1.5
2391 0 0 2
2392 0 0 2.5
2393 0 0 0
2394 0 0 3.5
2395 0 0 4
2396 0 0 4.5
2397 0 0 5
2398 0 0 5.5
2399 0 0 0.5
2400 0 0 1
2401 0 0 1.5
2402 0 0 2
2403 0 0 2.5
2404 0 0 0
2405 0 0 3.5
2406 0 0 4
2407 0 0 4.5
2408 0 0 5
2409 0 0 5.5
2410 0 0 0.5
2411 0 0 1
2412 0 0 1.5
2413 0 0 2
2414 0 0 2.5
2415 0 0 0
2416 0 0 3.5
2417 0 0 4
2418 0 0 4.5
2419 0 0 5
2420 0 0 5.5
2421 0 0 0.5
2422 0 0 1
2423 0 0 1.5
2424 0 0 2
2425 0 0 2.5
2426 0 0 0
2427 0 0 3.5
2428 0 0 4
2429 0 0 4.5
2430 0 0 5
2431 0 0 5.5
2432 0 0 0.5
2433 0 0 1
2434 0 0 1.5
2435 0 0 2
2436 0 0 2.5
2437 0 0 0
2438 0 0 3.5
2439 0 0 4
2440 0 0 4.5
2441 0 0 5
2442 0 0 5.5
2443 0 0 0.5
2444 0 0 1
2445 0 0 1.5
2446 0 0 2
2447 0 0 2.5
2448 0 0 0
2449 0 0 3.5
2450 0 0 4
2451 0 0 4.5
2452 0 0 5
2453 0 0 5.5
2454 0 0 0.5
2455 0 0 1
2456 0 0 1.5
2457 0 0 2
2458 0 0 2.5
2459 0 0 0
2460 0 0 3.5
2461 0 0 4
2462 0 0 4.5
2463 0 0 5
2464 0 0 5.5
2465 0 0 0.5
2466 0 0 1
2467 0 0 1.5
2468 0 0 2
2469 0 0 2.5
2470 0 0 0
2471 0 0 3.5
2472 0 0 4
2473 0 0 4.5
2474 0 0 5
2475 0 0 5.5
2476 0 0 0.5
2477 0 0 1
2478 0 0 1.5
2479 0 0 2
2480 0 0 2.5
2481 0 0 0
2482 0 0 3.5
2483 0 0 4
2484 0 0 4.5
2485 0 0 5
2486 0 0 5.5
2487 9 6 0.5
2488 9 6 1
2489 9 6 1.5
2490 9 6 2
2491 9 6 2.5
2492 9 6 0
2493 9 6 3.5
2494 9 6 4
2495 9 6 4.5
2496 9 6 5
2497 9 6 5.5
2498 9.5 6 0.5
2499 9.5 6 1
2500 9.5 6 1.5
2501 9.5 6 2
2502 9.5 6 2.5
2503 9.5 6 0
2504 9.5 6 3.5
2505 9.5 6 4
2506 9.5 6 4.5
2507 9.5 6 5
2508 9.5 6 5.5
2509 0.5 6.5 0.5
2510 0.5 6.5 1
2511 0.5 6.5 1.5
2512 0.5 6.5 2
2513 0.5 6.5 2.5
2514 0.5 6.5 0
2515 0.5 6.5 3.5
2516 0.5 6.5 4
2517 0.5 6.5 4.5
2518 0.5 6.5 5
2519 0.5 6.5 5.5
2520 1 6.5 0.5
2521 1 6.5 1
2522 1 6.5 1.5
2523 1 6.5 2
2524 1 6.5 2.5
2525 1 6.5 0
2526 1 6.5 3.5
2527 1 6.5 4
2528 1 6.5 4.5
2529 1 6.5 5
2530 1 6.5 5.5
2531 0 0 0.5
2532 0 0 1
2533 0 0 1.5
2534 0 0 2
2535 0 0 2.5
2536 0 0 0
2537 0 0 3.5
2538 0 0 4
2539 0 0 4.5
2540 0 0 5
2541 0 0 5.5
2542 0 0 0.5
2543 0 0 1
2544 0 0 1.5
2545 0 0 2
2546 0 0 2.5
2547 0 0 0
2548 0 0 3.5
2549 0 0 4
2550 0 0 4.5
2551 0 0 5
2552 0 0 5.5
2553 0 0 0.5
2554 0 0 1
2555 0 0 1.5
2556 0 0 2
2557 0 0 2.5
2558 0 0 0
2559 0 0 3.5
2560 0 0 4
2561 0 0 4.5
2562 0 0 5
2563 0 0 5.5
2564 0 0 0.5
2565 0 0 1
2566 0 0 1.5
2567 0 0 2
2568 0 0 2.5
2569 0 0 0
2570 0 0 3.5
2571 0 0 4
2572 0 0 4.5
2573 0 0 5
2574 0 0 5.5
2575 0 0 0.5
2576 0 0 1
2577 0 0 1.5
2578 0 0 2
2579 0 0 2.5
2580 0 0 0
2581 0 0 3.5
2582 0 0 4
2583 0 0 4.5
2584 0 0 5
2585 0 0 5.5
2586 0 0 0.5
2587 0 0 1
2588 0 0 1.5
2589 0 0 2
2590 0 0 2.5
2591 0 0 0
2592 0 0 3.5
2593 0 0 4
2594 0 0 4.5
2595 0 0 5
2596 0 0 5.5
2597 0 0 0.5
2598 0 0 1
2599 0 0 1.5
2600 0 0 2
2601 0 0 2.5
2602 0 0 0
2603 0 0 3.5
2604 0 0 4
2605 0 0 4.5
2606 0 0 5
2607 0 0 5.5
2608 0 0 0.5
2609 0 0 1
2610 0 0 1.5
2611 0 0 2
2612 0 0 2.5
2613 0 0 0
2614 0 0 3.5
2615 0 0 4
2616 0 0 4.5
2617 0 0 5
2618 0 0 5.5
2619 0 0 0.5
2620 0 0 1
2621 0 0 1.5
2622 0 0 2
2623 0 0 2.5
2624 0 0 0
2625 0 0 3.5
2626 0 0 4
2627 0 0 4.5
2628 0 0 5
2629 0 0 5.5
2630 0 0 0.5
2631 0 0 1
2632 0 0 1.5
2633 0 0 2
2634 0 0 2.5
2635 0 0 0
2636 0 0 3.5
2637 0 0 4
2638 0 0 4.5
2639 0 0 5
2640 0 0 5.5
2641 0 0 0.5
2642 0 0 1
2643 0 0 1.5
2644 0 0 2
2645 0 0 2.5
2646 0 0 0
2647 0 0 3.5
2648 0 0 4
2649 0 0 4.5
2650 0 0 5
2651 0 0 5.5
2652 0 0 0.5
2653 0 0 1
2654 0 0 1.5
2655 0 0 2
2656 0 0 2.5
2657 0 0 0
2658 0 0 3.5
2659 0 0 4
2660 0 0 4.5
2661 0 0 5
2662 0 0 5.5
2663 0 0 0.5
2664 0 0 1
2665 0 0 1.5
2666 0 0 2
2667 0 0 2.5
2668 0 0 0
2669 0 0 3.5
2670 0 0 4
2671 0 0 4.5
2672 0 0 5
2673 0 0 5.5
2674 0 0 0.5
2675 0 0 1
2676 0 0 1.5
2677 0 0 2
2678 0 0 2.5
2679 0 0 0
2680 0 0 3.5
2681 0 0 4
2682 0 0 4.5
2683 0 0 5
2684 0 0 5.5
2685 0 0 0.5
2686 0 0 1
2687 0 0 1.5
2688 0 0 2
2689 0 0 2.5
2690 0 0 0
2691 0 0 3.5
2692 0 0 4
2693 0 0 4.5
2694 0 0 5
2695 0 0 5.5
2696 9 6.5 0.5
2697 9 6.5 1
2698 9 6.5 1.5
2699 9 6.5 2
2700 9 6.5 2.5
2701 9 6.5 0
2702 9 6.5 3.5
2703 9 6.5 4
2704 9 6.5 4.5
2705 9 6.5 5
2706 9 6.5 5.5
2707 9.5 6.5 0.5
2708 9.5 6.5 1
2709 9.5 6.5 1.5
2710 9.5 6.5 2
2711 9.5 6.5 2.5
2712 9.5 6.5 0
2713 9.5 6.5 3.5
2714 9.5 6.5 4
2715 9.5 6.5 4.5
2716 9.5 6.5 5
2717 9.5 6.5 5.5
2718 0.5 7 0.5
2719 0.5 7 1
2720 0.5 7 1.5
2721 0.5 7 2
2722 0.5 7 2.5
2723 0.5 7 0
2724 0.5 7 3.5
2725 0.5 7 4
2726 0.5 7 4.5
2727 0.5 7 5
2728 0.5 7 5.5
2729 1 7 0.5
2730 1 7 1
2731 1 7 1.5
2732 1 7 2
2733 1 7 2.5
2734 1 7 0
2735 1 7 3.5
2736 1 7 4
2737 1 7 4.5
2738 1 7 5
2739 1 7 5.5
2740 1.5 7 0.5
2741 1.5 7 1
2742 1.5 7 1.5
2743 1.5 7 2
2744 1.5 7 2.5
2745 1.5 7 0
2746 1.5 7 3.5
2747 1.5 7 4
2748 1.5 7 4.5
2749 1.5 7 5
2750 1.5 7 5.5
2751 0 0 0.5
2752 0 0 1
2753 0 0 1.5
2754 0 0 2
2755 0 0 2.5
2756 0 0 0
2757 0 0 3.5
2758 0 0 4
2759 0 0 4.5
2760 0 0 5
2761 0 0 5.5
2762 0 0 0.5
2763 0 0 1
2764 0 0 1.5
2765 0 0 2
2766 0 0 2.5
2767 0 0 0
2768 0 0 3.5
2769 0 0 4
2770 0 0 4.5
2771 0 0 5
2772 0 0 5.5
2773 0 0 0.5
2774 0 0 1
2775 0 0 1.5
2776 0 0 2
2777 0 0 2.5
2778 0 0 0
2779 0 0 3.5
2780 0 0 4
2781 0 0 4.5
2782 0 0 5
2783 0 0 5.5
2784 0 0 0.5
2785 0 0 1
2786 0 0 1.5
2787 0 0 2
2788 0 0 2.5
2789 0 0 0
2790 0 0 3.5
2791 0 0 4
2792 0 0 4.5
2793 0 0 5
2794 0 0 5.5
2795 0 0 0.5
2796 0 0 1
2797 0 0 1.5
2798 0 0 2
2799 0 0 2.5
2800 0 0 0
2801 0 0 3.5
2802 0 0 4
2803 0 0 4.5
2804 0 0 5
2805 0 0 5.5
2806 0 0 0.5
2807 0 0 1
2808 0 0 1.5
2809 0 0 2
2810 0 0 2.5
2811 0 0 0
2812 0 0 3.5
2813 0 0 4
2814 0 0 4.5
2815 0 0 5
2816 0 0 5.5
2817 0 0 0.5
2818 0 0 1
2819 0 0 1.5
2820 0 0 2
2821 0 0 2.5
2822 0 0 0
2823 0 0 3.5
2824 0 0 4
2825 0 0 4.5
2826 0 0 5
2827 0 0 5.5
2828 0 0 0.5
2829 0 0 1
2830 0 0 1.5
2831 0 0 2
2832 0 0 2.5
2833 0 0 0
2834 0 0 3.5
2835 0 0 4
2836 0 0 4.5
2837 0 0 5
2838 0 0 5.5
2839 0 0 0.5
2840 0 0 1
2841 0 0 1.5
2842 0 0 2
2843 0 0 2.5
2844 0 0 0
2845 0 0 3.5
2846 0 0 4
2847 0 0 4.5
2848 0 0 5
2849 0 0 5.5
2850 0 0 0.5
2851 0 0 1
2852 0 0 1.5
2853 0 0 2
2854 0 0 2.5
2855 0 0 0
2856 0 0 3.5
2857 0 0 4
2858 0 0 4.5
2859 0 0 5
2860 0 0 5.5
2861 0 0 0.5
2862 0 0 1
2863 0 0 1.5
2864 0 0 2
2865 0 0 2.5
2866 0 0 0
2867 0 0 3.5
2868 0 0 4
2869 0 0 4.5
2870 0 0 5
2871 0 0 5.5
2872 0 0 0.5
2873 0 0 1
2874 0 0 1.5
2875 0 0 2
2876 0 0 2.5
2877 0 0 0
2878 0 0 3.5
2879 0 0 4
2880 0 0 4.5
2881 0 0 5
2882 0 0 5.5
2883 0 0 0.5
2884 0 0 1
2885 0 0 1.5
2886 0 0 2
2887 0 0 2.5
2888 0 0 0
2889 0 0 3.5
2890 0 0 4
2891 0 0 4.5
2892 0 0 5
2893 0 0 5.5
2894 8.5 7 0.5
2895 8.5 7 1
2896 8.5 7 1.5
2897 8.5 7 2
2898 8.5 7 2.5
2899 8.5 7 0
2900 8.5 7 3.5
2901 8.5 7 4
2902 8.5 7 4.5
2903 8.5 7 5
2904 8.5 7 5.5
2905 9 7 0.5
2906 9 7 1
2907 9 7 1.5
2908 9 7 2
2909 9 7 2.5
2910 9 7 0
2911 9 7 3.5
2912 9 7 4
2913 9 7 4.5
2914 9 7 5
2915 9 7 5.5
2916 9.5 7 0.5
2917 9.5 7 1
2918 9.5 7 1.5
2919 9.5 7 2
2920 9.5 7 2.5
2921 9.5 7 0
2922 9.5 7 3.5
2923 9.5 7 4
2924 9.5 7 4.5
2925 9.5 7 5
2926 9.5 7 5.5
2927 0.5 7.5 0.5
2928 0.5 7.5 1
2929 0.5 7.5 1.5
2930 0.5 7.5 2
2931 0.5 7.5 2.5
2932 0.5 7.5 0
2933 0.5 7.5 3.5
2934 0.5 7.5 4
2935 0.5 7.5 4.5
2936 0.5 7.5 5
2937 0.5 7.5 5.5
2938 1 7.5 0.5
2939 1 7.5 1
2940 1 7.5 1.5
2941 1 7.5 2
2942 1 7.5 2.5
2943 1 7.5 0
2944 1 7.5 3.5
2945 1 7.5 4
2946 1 7.5 4.5
2947 1 7.5 5
2948 1 7.5 5.5
2949 1.5 7.5 0.5
2950 1.5 7.5 1
2951 1.5 7.5 1.5
2952 1.5 7.5 2
2953 1.5 7.5 2.5
2954 1.5 7.5 0
2955 1.5 7.5 3.5
2956 1.5 7.5 4
2957 1.5 7.5 4.5
2958 1.5 7.5 5
2959 1.5 7.5 5.5
2960 0 0 0.5
2961 0 0 1
2962 0 0 1.5
2963 0 0 2
2964 0 0 2.5
2965 0 0 0
2966 0 0 3.5
2967 0 0 4
2968 0 0 4.5
2969 0 0 5
2970 0 0 5.5
2971 0 0 0.5
2972 0 0 1
2973 0 0 1.5
2974 0 0 2
2975 0 0 2.5
2976 0 0 0
2977 0 0 3.5
2978 0 0 4
2979 0 0 4.5
2980 0 0 5
2981 0 0 5.5
2982 0 0 0.5
2983 0 0 1
2984 0 0 1.5
2985 0 0 2
2986 0 0 2.5
2987 0 0 0
2988 0 0 3.5
2989 0 0 4
2990 0 0 4.5
2991 0 0 5
2992 0 0 5.5
2993 0 0 0.5
2994 0 0 1
2995 0 0 1.5
2996 0 0 2
2997 0 0 2.5
2998 0 0 0
2999 0 0 3.5
3000 0 0 4
3001 0 0 4.5
3002 0 0 5
3003 0 0 5.5
3004 0 0 0.5
3005 0 0 1
3006 0 0 1.5
3007 0 0 2
3008 0 0 2.5
3009 0 0 0
3010 0 0 3.5
3011 0 0 4
3012 0 0 4.5
3013 0 0 5
3014 0 0 5.5
3015 0 0 0.5
3016 0 0 1
3017 0 0 1.5
3018 0 0 2
3019 0 0 2.5
3020 0 0 0
3021 0 0 3.5
3022 0 0 4
3023 0 0 4.5
3024 0 0 5
3025 0 0 5.5
3026 0 0 0.5
3027 0 0 1
3028 0 0 1.5
3029 0 0 2
3030 0 0 2.5
3031 0 0 0
3032 0 0 3.5
3033 0 0 4
3034 0 0 4.5
3035 0 0 5
3036 0 0 5.5
3037 0 0 0.5
3038 0 0 1
3039 0 0 1.5
3040 0 0 2
3041 0 0 2.5
3042 0 0 0
3043 0 0 3.5
3044 0 0 4
3045 0 0 4.5
3046 0 0 5
3047 0 0 5.5
3048 0 0 0.5
3049 0 0 1
3050 0 0 1.5
3051 0 0 2
3052 0 0 2.5
3053 0 0 0
3054 0 0 3.5
3055 0 0 4
3056 0 0 4.5
3057 0 0 5
3058 0 0 5.5
3059 0 0 0.5
3060 0 0 1
3061 0 0 1.5
3062 0 0 2
3063 0 0 2.5
3064 0 0 0
3065 0 0 3.5
3066 0 0 4
3067 0 0 4.5
3068 0 0 5
3069 0 0 5.5
3070 0 0 0.5
3071 0 0 1
3072 0 0 1.5
3073 0 0 2
3074 0 0 2.5
3075 0 0 0
3076 0 0 3.5
3077 0 0 4
3078 0 0 4.5
3079 0 0 5
3080 0 0 5.5
3081 0 0 0.5
3082 0 0 1
3083 0 0 1.5
3084 0 0 2
3085 0 0 2.5
3086 0 0 0
3087 0 0 3.5
3088 0 0 4
3089 0 0 4.5
3090 0 0 5
3091 0 0 5.5
3092 0 0 0.5
3093 0 0 1
3094 0 0 1.5
3095 0 0 2
3096 0 0 2.5
3097 0 0 0
3098 0 0 3.5
3099 0 0 4
3100 0 0 4.5
3101 0 0 5
3102 0 0 5.5
3103 8.5 7.5 0.5
3104 8.5 7.5 1
3105 8.5 7.5 1.5
3106 8.5 7.5 2
3107 8.5 7.5 2.5
3108 8.5 7.5 0
3109 8.5 7.5 3.5
3110 8.5 7.5 4
3111 8.5 7.5 4.5
3112 8.5 7.5 5
3113 8.5 7.5 5.5
3114 9 7.5 0.5
3115 9 7.5 1
3116 9 7.5 1.5
3117 9 7.5 2
3118 9 7.5 2.5
3119 9 7.5 0
3120 9 7.5 3.5
3121 9 7.5 4
3122 9 7.5 4.5
3123 9 7.5 5
3124 9 7.5 5.5
3125 9.5 7.5 0.5
3126 9.5 7.5 1
3127 9.5 7.5 1.5
3128 9.5 7.5 2
3129 9.5 7.5 2.5
3130 9.5 7.5 0
3131 9.5 7.5 3.5
3132 9.5 7.5 4
3133 9.5 7.5 4.5
3134 9.5 7.5 5
3135 9.5 7.5 5.5
3136 0.5 8 0.5
3137 0.5 8 1
3138 0.5 8 1.5
3139 0.5 8 2
3140 0.5 8 2.5
3141 0.5 8 0
3142 0.5 8 3.5
3143 0.5 8 4
3144 0.5 8 4.5
3145 0.5 8 5
3146 0.5 8 5.5
3147 1 8 0.5
3148 1 8 1
3149 1 8 1.5
3150 1 8 2
3151 1 8 2.5
3152 1 8 0
3153 1 8 3.5
3154 1 8 4
3155 1 8 4.5
3156 1 8 5
3157 1 8 5.5
3158 1.5 8 0.5
3159 1.5 8 1
3160 1.5 8 1.5
3161 1.5 8 2
3162 1.5 8 2.5
3163 1.5 8 0
3164 1.5 8 3.5
3165 1.5 8 4
3166 1.5 8 4.5
3167 1.5 8 5
3168 1.5 8 5.5
3169 2 8 0.5
3170 2 8 1
3171 2 8 1.5
3172 2 8 2
3173 2 8 2.5
3174 2 8 0
3175 2 8 3.5
3176 2 8 4
3177 2 8 4.5
3178 2 8 5
3179 2 8 5.5
3180 0 0 0.5
3181 0 0 1
3182 0 0 1.5
3183 0 0 2
3184 0 0 2.5
3185 0 0 0
3186 0 0 3.5
3187 0 0 4
3188 0 0 4.5
3189 0 0 5
3190 0 0 5.5
3191 0 0 0.5
3192 0 0 1
3193 0 0 1.5
3194 0 0 2
3195 0 0 2.5
3196 0 0 0
3197 0 0 3.5
3198 0 0 4
3199 0 0 4.5
3200 0 0 5
3201 0 0 5.5
3202 0 0 0.5
3203 0 0 1
3204 0 0 1.5
3205 0 0 2
3206 0 0 2.5
3207 0 0 0
3208 0 0 3.5
3209 0 0 4
3210 0 0 4.5
3211 0 0 5
3212 0 0 5.5
3213 0 0 0.5
3214 0 0 1
3215 0 0 1.5
3216 0 0 2
3217 0 0 2.5
3218 0 0 0
3219 0 0 3.5
3220 0 0 4
3221 0 0 4.5
3222 0 0 5
3223 0 0 5.5
3224 0 0 0.5
3225 0 0 1
3226 0 0 1.5
3227 0 0 2
3228 0 0 2.5
3229 0 0 0
3230 0 0 3.5
3231 0 0 4
3232 0 0 4.5
3233 0 0 5
3234 0 0 5.5
3235 0 0 0.5
3236 0 0 1
3237 0 0 1.5
3238 0 0 2
3239 0 0 2.5
3240 0 0 0
3241 0 0 3.5
3242 0 0 4
3243 0 0 4.5
3244 0 0 5
3245 0 0 5.5
3246 0 0 0.5
3247 0 0 1
3248 0 0 1.5
3249 0 0 2
3250 0 0 2.5
3251 0 0 0
3252 0 0 3.5
3253 0 0 4
3254 0 0 4.5
3255 0 0 5
3256 0 0 5.5
3257 0 0 0.5
3258 0 0 1
3259 0 0 1.5
3260 0 0 2
3261 0 0 2.5
3262 0 0 0
3263 0 0 3.5
3264 0 0 4
3265 0 0 4.5
3266 0 0 5
3267 0 0 5.5
3268 0 0 0.5
3269 0 0 1
3270 0 0 1.5
3271 0 0 2
3272 0 0 2.5
3273 0 0 0
3274 0 0 3.5
3275 0 0 4
3276 0 0 4.5
3277 0 0 5
3278 0 0 5.5
3279 0 0 0.5
3280 0 0 1
3281 0 0 1.5
3282 0 0 2
3283 0 0 2.5
3284 0 0 0
3285 0 0 3.5
3286 0 0 4
3287 0 0 4.5
3288 0 0 5
3289 0 0 5.5
3290 0 0 0.5
3291 0 0 1
3292 0 0 1.5
3293 0 0 2
3294 0 0 2.5
3295 0 0 0
3296 0 0 3.5
3297 0 0 4
3298 0 0 4.5
3299 0 0 5
3300 0 0 5.5
3301 8 8 0.5
3302 8 8 1
3303 8 8 1.5
3304 8 8 2
3305 8 8 2.5
3306 8 8 0
3307 8 8 3.5
3308 8 8 4
3309 8 8 4.5
3310 8 8 5
3311 8 8 5.5
3312 8.5 8 0.5
3313 8.5 8 1
3314 8.5 8 1.5
3315 8.5 8 2
3316 8.5 8 2.5
3317 8.5 8 0
3318 8.5 8 3.5
3319 8.5 8 4
3320 8.5 8 4.5
3321 8.5 8 5
3322 8.5 8 5.5
3323 9 8 0.5
3324 9 8 1
3325 9 8 1.5
3326 9 8 2
3327 9 8 2.5
3328 9 8 0
3329 9 8 3.5
3330 9 8 4
3331 9 8 4.5
3332 9 8 5
3333 9 8 5.5
3334 9.5 8 0.5
3335 9.5 8 1
3336 9.5 8 1.5
3337 9.5 8 2
3338 9.5 8 2.5
3339 9.5 8 0
3340 9.5 8 3.5
3341 9.5 8 4
3342 9.5 8 4.5
3343 9.5 8 5
3344 9.5 8 5.5
3345 0.5 8.5 0.5
3346 0.5 8.5 1
3347 0.5 8.5 1.5
3348 0.5 8.5 2
3349 0.5 8.5 2.5
3350 0.5 8.5 0
3351 0.5 8.5 3.5
3352 0.5 8.5 4
3353 0.5 8.5 4.5
3354 0.5 8.5 5
3355 0.5 8.5 5.5
3356 1 8.5 0.5
3357 1 8.5 1
3358 1 8.5 1.5
3359 1 8.5 2
3360 1 8.5 2.5
3361 1 8.5 0
3362 1 8.5 3.5
3363 1 8.5 4
3364 1 8.5 4.5
3365 1 8.5 5
3366 1 8.5 5.5
3367 1.5 8.5 0.5
3368 1.5 8.5 1
3369 1.5 8.5 1.5
3370 1.5 8.5 2
3371 1.5 8.5 2.5
3372 1.5 8.5 0
3373 1.5 8.5 3.5
3374 1.5 8.5 4
3375 1.5 8.5 4.5
3376 1.5 8.5 5
3377 1.5 8.5 5.5
3378 2 8.5 0.5
3379 2 8.5 1
3380 2 8.5 1.5
3381 2 8.5 2
3382 2 8.5 2.5
3383 2 8.5 0
3384 2 8.5 3.5
3385 2 8.5 4
3386 2 8.5 4.5
3387 2 8.5 5
3388 2 8.5 5.5
3389 2.5 8.5 0.5
3390 2.5 8.5 1
3391 2.5 8.5 1.5
3392 2.5 8.5 2
3393 2.5 8.5 2.5
3394 2.5 8.5 0
3395 2.5 8.5 3.5
3396 2.5 8.5 4
3397 2.5 8.5 4.5
3398 2.5 8.5 5
3399 2.5 8.5 5.5
3400 3 8.5 0.5
3401 3 8.5 1
3402 3 8.5 1.5
3403 3 8.5 2
3404 3 8.5 2.5
3405 3 8.5 0
3406 3 8.5 3.5
3407 3 8.5 4
3408 3 8.5 4.5
3409 3 8.5 5
3410 3 8.5 5.5
3411 0 0 0.5
3412 0 0 1
3413 0 0 1.5
3414 0 0 2
3415 0 0 2.5
3416 0 0 0
3417 0 0 3.5
3418 0 0 4
3419 0 0 4.5
3420 0 0 5
3421 0 0 5.5
3422 0 0 0.5
3423 0 0 1
3424 0 0 1.5
3425 0 0 2
3426 0 0 2.5
3427 0 0 0
3428 0 0 3.5
3429 0 0 4
3430 0 0 4.5
3431 0 0 5
3432 0 0 5.5
3433 0 0 0.5
3434 0 0 1
3435 0 0 1.5
3436 0 0 2
3437 0 0 2.5
3438 0 0 0
3439 0 0 3.5
3440 0 0 4
3441 0 0 4.5
3442 0 0 5
3443 0 0 5.5
3444 0 0 0.5
3445 0 0 1
3446 0 0 1.5
3447 0 0 2
3448 0 0 2.5
3449 0 0 0
3450 0 0 3.5
3451 0 0 4
3452 0 0 4.5
3453 0 0 5
3454 0 0 5.5
3455 0 0 0.5
3456 0 0 1
3457 0 0 1.5
3458 0 0 2
3459 0 0 2.5
3460 0 0 0
3461 0 0 3.5
3462 0 0 4
3463 0 0 4.5
3464 0 0 5
3465 0 0 5.5
3466 0 0 0.5
3467 0 0 1
3468 0 0 1.5
3469 0 0 2
3470 0 0 2.5
3471 0 0 0
3472 0 0 3.5
3473 0 0 4
3474 0 0 4.5
3475 0 0 5
3476 0 0 5.5
3477 0 0 0.5
3478 0 0 1
3479 0 0 1.5
3480 0 0 2
3481 0 0 2.5
3482 0 0 0
3483 0 0 3.5
3484 0 0 4
3485 0 0 4.5
3486 0 0 5
3487 0 0 5.5
3488 7 8.5 0.5
3489 7 8.5 1
3490 7 8.5 1.5
3491 7 8.5 2
3492 7 8.5 2.5
3493 7 8.5 0
3494 7 8.5 3.5
3495 7 8.5 4
3496 7 8.5 4.5
3497 7 8.5 5
3498 7 8.5 5.5
3499 7.5 8.5 0.5
3500 7.5 8.5 1
3501 7.5 8.5 1.5
3502 7.5 8.5 2
3503 7.5 8.5 2.5
3504 7.5 8.5 0
3505 7.5 8.5 3.5
3506 7.5 8.5 4
3507 7.5 8.5 4.5
3508 7.5 8.5 5
3509 7.5 8.5 5.5
3510 8 8.5 0.5
3511 8 8.5 1
3512 8 8.5 1.5
3513 8 8.5 2
3514 8 8.5 2.5
3515 8 8.5 0
3516 8 8.5 3.5
3517 8 8.5 4
3518 8 8.5 4.5
3519 8 8.5 5
3520 8 8.5 5.5
3521 8.5 8.5 0.5
3522 8.5 8.5 1
3523 8.5 8.5 1.5
3524 8.5 8.5 2
3525 8.5 8.5 2.5
3526 8.5 8.5 3
3527 8.5 8.5 3.5
3528 8.5 8.5 4
3529 8.5 8.5 4.5
3530 8.5 8.5 5
3531 8.5 8.5 5.5
3532 9 8.5 0.5
3533 9 8.5 1
3534 9 8.5 1.5
3535 9 8.5 2
3536 9 8.5 2.5
3537 9 8.5 3
3538 9 8.5 3.5
3539 9 8.5 4
3540 9 8.5 4.5
3541 9 8.5 5
3542 9 8.5 5.5
3543 9.5 8.5 0.5
3544 9.5 8.5 1
3545 9.5 8.5 1.5
3546 9.5 8.5 2
3547 9.5 8.5 2.5
3548 9.5 8.5 3
3549 9.5 8.5 3.5
3550 9.5 8.5 4
3551 9.5 8.5 4.5
3552 9.5 8.5 5
3553 9.5 8.5 5.5
3554 0.5 9 0.5
3555 0.5 9 1
3556 0.5 9 1.5
3557 0.5 9 2
3558 0.5 9 2.5
3559 0.5 9 0
3560 0.5 9 3.5
3561 0.5 9 4
3562 0.5 9 4.5
3563 0.5 9 5
3564 0.5 9 5.5
3565 1 9 0.5
3566 1 9 1
3567 1 9 1.5
3568 1 9 2
3569 1 9 2.5
3570 1 9 0
3571 1 9 3.5
3572 1 9 4
3573 1 9 4.5
3574 1 9 5
3575 1 9 5.5
3576 1.5 9 0.5
3577 1.5 9 1
3578 1.5 9 1.5
3579 1.5 9 2
3580 1.5 9 2.5
3581 1.5 9 0
3582 1.5 9 3.5
3583 1.5 9 4
3584 1.5 9 4.5
3585 1.5 9 5
3586 1.5 9 5.5
3587 2 9 0.5
3588 2 9 1
3589 2 9 1.5
3590 2 9 2
3591 2 9 2.5
3592 2 9 0
3593 2 9 3.5
3594 2 9 4
3595 2 9 4.5
3596 2 9 5
3597 2 9 5.5
3598 2.5 9 0.5
3599 2.5 9 1
3600 2.5 9 1.5
3601 2.5 9 2
3602 2.5 9 2.5
3603 2.5 9 0
3604 2.5 9 3.5
3605 2.5 9 4
3606 2.5 9 4.5
3607 2.5 9 5
3608 2.5 9 5.5
3609 3 9 0.5
3610 3 9 1
3611 3 9 1.5
3612 3 9 2
3613 3 9 2.5
3614 3 9 0
3615 3 9 3.5
3616 3 9 4
3617 3 9 4.5
3618 3 9 5
3619 3 9 5.5
3620 3.5 9 0.5
3621 3.5 9 1
3622 3.5 9 1.5
3623 3.5 9 2
3624 3.5 9 2.5
3625 3.5 9 0
3626 3.5 9 3.5
3627 3.5 9 4
3628 3.5 9 4.5
3629 3.5 9 5
3630 3.5 9 5.5
3631 4 9 0.5
3632 4 9 1
3633 4 9 1.5
3634 4 9 2
3635 4 9 2.5
3636 4 9 0
3637 4 9 3.5
3638 4 9 4
3639 4 9 4.5
3640 4 9 5
3641 4 9 5.5
3642 4.5 9 0.5
3643 4.5 9 1
3644 4.5 9 1.5
3645 4.5 9 2
3646 4.5 9 2.5
3647 4.5 9 0
3648 4.5 9 3.5
3649 4.5 9 4
3650 4.5 9 4.5
3651 4.5 9 5
3652 4.5 9 5.5
3653 0 0 0.5
3654 0 0 1
3655 0 0 1.5
3656 0 0 2
3657 0 0 2.5
3658 0 0 0
3659 0 0 3.5
3660 0 0 4
3661 0 0 4.5
3662 0 0 5
3663 0 0 5.5
3664 5.5 9 0.5
3665 5.5 9 1
3666 5.5 9 1.5
3667 5.5 9 2
3668 5.5 9 2.5
3669 5.5 9 0
3670 5.5 9 3.5
3671 5.5 9 4
3672 5.5 9 4.5
3673 5.5 9 5
3674 5.5 9 5.5
3675 6 9 0.5
3676 6 9 1
3677 6 9 1.5
3678 6 9 2
3679 6 9 2.5
3680 6 9 0
3681 6 9 3.5
3682 6 9 4
3683 6 9 4.5
3684 6 9 5
3685 6 9 5.5
3686 6.5 9 0.5
3687 6.5 9 1
3688 6.5 9 1.5
3689 6.5 9 2
3690 6.5 9 2.5
3691 6.5 9 0
3692 6.5 9 3.5
3693 6.5 9 4
3694 6.5 9 4.5
3695 6.5 9 5
3696 6.5 9 5.5
3697 7 9 0.5
3698 7 9 1
3699 7 9 1.5
3700 7 9 2
3701 7 9 2.5
3702 7 9 0
3703 7 9 3.5
3704 7 9 4
3705 7 9 4.5
3706 7 9 5
3707 7 9 5.5
3708 7.5 9 0.5
3709 7.5 9 1
3710 7.5 9 1.5
3711 7.5 9 2
3712 7.5 9 2.5
3713 7.5 9 0
3714 7.5 9 3.5
3715 7.5 9 4
3716 7.5 9 4.5
3717 7.5 9 5
3718 7.5 9 5.5
3719 8 9 0.5
3720 8 9 1
3721 8 9 1.5
3722 8 9 2
3723 8 9 2.5
3724 8 9 0
3725 8 9 3.5
3726 8 9 4
3727 8 9 4.5
3728 8 9 5
3729 8 9 5.5
3730 8.5 9 0.5
3731 8.5 9 1
3732 8.5 9 1.5
3733 8.5 9 2
3734 8.5 9 2.5
3735 8.5 9 3
3736 8.5 9 3.5
3737 8.5 9 4
3738 8.5 9 4.5
3739 8.5 9 5
3740 8.5 9 5.5
3741 9 9 0.5
3742 9 9 1
3743 9 9 1.5
3744 9 9 2
3745 9 9 2.5
3746 9 9 3
3747 9 9 3.5
3748 9 9 4
3749 9 9 4.5
3750 9 9 5
3751 9 9 5.5
3752 9.5 9 0.5
3753 9.5 9 1
3754 9.5 9 1.5
3755 9.5 9 2
3756 9.5 9 2.5
3757 9.5 9 3
3758 9.5 9 3.5
3759 9.5 9 4
3760 9.5 9 4.5
3761 9.5 9 5
3762 9.5 9 5.5
3763 0.5 9.5 0.5
3764 0.5 9.5 1
3765 0.5 9.5 1.5
3766 0.5 9.5 2
3767 0.5 9.5 2.5
3768 0.5 9.5 0
3769 0.5 9.5 3.5
3770 0.5 9.5 4
3771 0.5 9.5 4.5
3772 0.5 9.5 5
3773 0.5 9.5 5.5
3774 1 9.5 0.5
3775 1 9.5 1
3776 1 9.5 1.5
3777 1 9.5 2
3778 1 9.5 2.5
3779 1 9.5 0
3780 1 9.5 3.5
3781 1 9.5 4
3782 1 9.5 4.5
3783 1 9.5 5
3784 1 9.5 5.5
3785 1.5 9.5 0.5
3786 1.5 9.5 1
3787 1.5 9.5 1.5
3788 1.5 9.5 2
3789 1.5 9.5 2.5
3790 1.5 9.5 0
3791 1.5 9.5 3.5
3792 1.5 9.5 4
3793 1.5 9.5 4.5
3794 1.5 9.5 5
3795 1.5 9.5 5.5
3796 2 9.5 0.5
3797 2 9.5 1
3798 2 9.5 1.5
3799 2 9.5 2
3800 2 9.5 2.5
3801 2 9.5 0
3802 2 9.5 3.5
3803 2 9.5 4
3804 2 9.5 4.5
3805 2 9.5 5
3806 2 9.5 5.5
3807 2.5 9.5 0.5
3808 2.5 9.5 1
3809 2.5 9.5 1.5
3810 2.5 9.5 2
3811 2.5 9.5 2.5
3812 2.5 9.5 0
3813 2.5 9.5 3.5
3814 2.5 9.5 4
3815 2.5 9.5 4.5
3816 2.5 9.5 5
3817 2.5 9.5 5.5
3818 3 9.5 0.5
3819 3 9.5 1
3820 3 9.5 1.5
3821 3 9.5 2
3822 3 9.5 2.5
3823 3 9.5 0
3824 3 9.5 3.5
3825 3 9.5 4
3826 3 9.5 4.5
3827 3 9.5 5
3828 3 9.5 5.5
3829 3.5 9.5 0.5
3830 3.5 9.5 1
3831 3.5 9.5 1.5
3832 3.5 9.5 2
3833 3.5 9.5 2.5
3834 3.5 9.5 0
3835 3.5 9.5 3.5
3836 3.5 9.5 4
3837 3.5 9.5 4.5
3838 3.5 9.5 5
3839 3.5 9.5 5.5
3840 4 9.5 0.5
3841 4 9.5 1
3842 4 9.5 1.5
3843 4 9.5 2
3844 4 9.5 2.5
3845 4 9.5 0
3846 4 9.5 3.5
3847 4 9.5 4
3848 4 9.5 4.5
3849 4 9.5 5
3850 4 9.5 5.5
3851 4.5 9.5 0.5
3852 4.5 9.5 1
3853 4.5 9.5 1.5
3854 4.5 9.5 2
3855 4.5 9.5 2.5
3856 4.5 9.5 0
3857 4.5 9.5 3.5
3858 4.5 9.5 4
3859 4.5 9.5 4.5
3860 4.5 9.5 5
3861 4.5 9.5 5.5
3862 5 9.5 0.5
3863 5 9.5 1
3864 5 9.5 1.5
3865 5 9.5 2
3866 5 9.5 2.5
3867 5 9.5 0
3868 5 9.5 3.5
3869 5 9.5 4
3870 5 9.5 4.5
3871 5 9.5 5
3872 5 9.5 5.5
3873 5.5 9.5 0.5
3874 5.5 9.5 1
3875 5.5 9.5 1.5
3876 5.5 9.5 2
3877 5.5 9.5 2.5
3878 5.5 9.5 0
3879 5.5 9.5 3.5
3880 5.5 9.5 4
3881 5.5 9.5 4.5
3882 5.5 9.5 5
3883 5.5 9.5 5.5
3884 6 9.5 0.5
3885 6 9.5 1
3886 6 9.5 1.5
3887 6 9.5 2
3888 6 9.5 2.5
3889 6 9.5 0
3890 6 9.5 3.5
3891 6 9.5 4
3892 6 9.5 4.5
3893 6 9.5 5
3894 6 9.5 5.5
3895 6.5 9.5 0.5
3896 6.5 9.5 1
3897 6.5 9.5 1.5
3898 6.5 9.5 2
3899 6.5 9.5 2.5
3900 6.5 9.5 0
3901 6.5 9.5 3.5
3902 6.5 9.5 4
3903 6.5 9.5 4.5
3904 6.5 9.5 5
3905 6.5 9.5 5.5
3906 7 9.5 0.5
3907 7 9.5 1
3908 7 9.5 1.5
3909 7 9.5 2
3910 7 9.5 2.5
3911 7 9.5 0
3912 7 9.5 3.5
3913 7 9.5 4
3914 7 9.5 4.5
3915 7 9.5 5
3916 7 9.5 5.5
3917 7.5 9.5 0.5
3918 7.5 9.5 1
3919 7.5 9.5 1.5
3920 7.5 9.5 2
3921 7.5 9.5 2.5
3922 7.5 9.5 0
3923 7.5 9.5 3.5
3924 7.5 9.5 4
3925 7.5 9.5 4.5
3926 7.5 9.5 5
3927 7.5 9.5 5.5
3928 8 9.5 0.5
3929 8 9.5 1
3930 8 9.5 1.5
3931 8 9.5 2
3932 8 9.5 2.5
3933 8 9.5 0
3934 8 9.5 3.5
3935 8 9.5 4
3936 8 9.5 4.5
3937 8 9.5 5
3938 8 9.5 5.5
3939 8.5 9.5 0.5
3940 8.5 9.5 1
3941 8.5 9.5 1.5
3942 8.5 9.5 2
3943 8.5 9.5 2.5
3944 8.5 9.5 3
3945 8.5 9.5 3.5
3946 8.5 9.5 4
3947 8.5 9.5 4.5
3948 8.5 9.5 5
3949 8.5 9.5 5.5
3950 9 9.5 0.5
3951 9 9.5 1
3952 9 9.5 1.5
3953 9 9.5 2
3954 9 9.5 2.5
3955 9 9.5 3
3956 9 9.5 3.5
3957 9 9.5 4
3958 9 9.5 4.5
3959 9 9.5 5
3960 9 9.5 5.5
3961 9.5 9.5 0.5
3962 9.5 9.5 1
3963 9.5 9.5 1.5
3964 9.5 9.5 2
3965 9.5 9.5 2.5
3966 9.5 9.5 3
3967 9.5 9.5 3.5
3968 9.5 9.5 4
3969 9.5 9.5 4.5
3970 9.5 9.5 5
3971 9.5 9.5 5.5
